2022/06/28-01:44:25.599956 4a6c RocksDB version: 6.26.1
2022/06/28-01:44:25.600005 4a6c Git sha 4d57a393a8f1563c0dff1ff468756c23d89e3601
2022/06/28-01:44:25.600024 4a6c Compile date 2021-11-22 13:08:56
2022/06/28-01:44:25.600043 4a6c DB SUMMARY
2022/06/28-01:44:25.600058 4a6c DB Session ID:  WTU5DQ24EVCTR89QL84E
2022/06/28-01:44:25.605293 4a6c CURRENT file:  CURRENT
2022/06/28-01:44:25.605316 4a6c IDENTITY file:  IDENTITY
2022/06/28-01:44:25.605396 4a6c MANIFEST file:  MANIFEST-000103 size: 285 Bytes
2022/06/28-01:44:25.605413 4a6c SST files in D:\Hive\hivemq-4.8.0\data\persistence\client_events\040000_R\client_events_59 dir, Total Num: 3, files: 000090.sst 000096.sst 000102.sst 
2022/06/28-01:44:25.605427 4a6c Write Ahead Log file in D:\Hive\hivemq-4.8.0\data\persistence\client_events\040000_R\client_events_59: 000104.log size: 1008 ; 
2022/06/28-01:44:25.830096 4a6c                         Options.error_if_exists: 0
2022/06/28-01:44:25.830109 4a6c                       Options.create_if_missing: 1
2022/06/28-01:44:25.830116 4a6c                         Options.paranoid_checks: 1
2022/06/28-01:44:25.830123 4a6c             Options.flush_verify_memtable_count: 1
2022/06/28-01:44:25.830131 4a6c                               Options.track_and_verify_wals_in_manifest: 0
2022/06/28-01:44:25.830138 4a6c                                     Options.env: 000001985551AEC0
2022/06/28-01:44:25.830146 4a6c                                      Options.fs: WinFS
2022/06/28-01:44:25.830154 4a6c                                Options.info_log: 0000019858A02000
2022/06/28-01:44:25.830162 4a6c                Options.max_file_opening_threads: 16
2022/06/28-01:44:25.830169 4a6c                              Options.statistics: 0000019855238810
2022/06/28-01:44:25.830177 4a6c                               Options.use_fsync: 0
2022/06/28-01:44:25.830184 4a6c                       Options.max_log_file_size: 512000
2022/06/28-01:44:25.830191 4a6c                  Options.max_manifest_file_size: 1073741824
2022/06/28-01:44:25.830198 4a6c                   Options.log_file_time_to_roll: 0
2022/06/28-01:44:25.830206 4a6c                       Options.keep_log_file_num: 2
2022/06/28-01:44:25.830212 4a6c                    Options.recycle_log_file_num: 0
2022/06/28-01:44:25.830220 4a6c                         Options.allow_fallocate: 1
2022/06/28-01:44:25.830227 4a6c                        Options.allow_mmap_reads: 0
2022/06/28-01:44:25.830234 4a6c                       Options.allow_mmap_writes: 0
2022/06/28-01:44:25.830241 4a6c                        Options.use_direct_reads: 0
2022/06/28-01:44:25.830249 4a6c                        Options.use_direct_io_for_flush_and_compaction: 0
2022/06/28-01:44:25.830255 4a6c          Options.create_missing_column_families: 0
2022/06/28-01:44:25.830262 4a6c                              Options.db_log_dir: 
2022/06/28-01:44:25.830270 4a6c                                 Options.wal_dir: 
2022/06/28-01:44:25.830277 4a6c                Options.table_cache_numshardbits: 6
2022/06/28-01:44:25.830284 4a6c                         Options.WAL_ttl_seconds: 0
2022/06/28-01:44:25.830291 4a6c                       Options.WAL_size_limit_MB: 0
2022/06/28-01:44:25.830298 4a6c                        Options.max_write_batch_group_size_bytes: 1048576
2022/06/28-01:44:25.830305 4a6c             Options.manifest_preallocation_size: 4194304
2022/06/28-01:44:25.830313 4a6c                     Options.is_fd_close_on_exec: 1
2022/06/28-01:44:25.830320 4a6c                   Options.advise_random_on_open: 1
2022/06/28-01:44:25.830328 4a6c                   Options.experimental_mempurge_threshold: 0.000000
2022/06/28-01:44:25.830335 4a6c                    Options.db_write_buffer_size: 0
2022/06/28-01:44:25.830342 4a6c                    Options.write_buffer_manager: 0000019858DC24D0
2022/06/28-01:44:25.830349 4a6c         Options.access_hint_on_compaction_start: 1
2022/06/28-01:44:25.830356 4a6c  Options.new_table_reader_for_compaction_inputs: 0
2022/06/28-01:44:25.830363 4a6c           Options.random_access_max_buffer_size: 1048576
2022/06/28-01:44:25.830370 4a6c                      Options.use_adaptive_mutex: 0
2022/06/28-01:44:25.832998 4a6c                            Options.rate_limiter: 0000000000000000
2022/06/28-01:44:25.833010 4a6c     Options.sst_file_manager.rate_bytes_per_sec: 0
2022/06/28-01:44:25.833017 4a6c                       Options.wal_recovery_mode: 2
2022/06/28-01:44:25.833023 4a6c                  Options.enable_thread_tracking: 0
2022/06/28-01:44:25.833029 4a6c                  Options.enable_pipelined_write: 0
2022/06/28-01:44:25.833036 4a6c                  Options.unordered_write: 0
2022/06/28-01:44:25.833041 4a6c         Options.allow_concurrent_memtable_write: 1
2022/06/28-01:44:25.833047 4a6c      Options.enable_write_thread_adaptive_yield: 1
2022/06/28-01:44:25.833052 4a6c             Options.write_thread_max_yield_usec: 100
2022/06/28-01:44:25.833057 4a6c            Options.write_thread_slow_yield_usec: 3
2022/06/28-01:44:25.833063 4a6c                               Options.row_cache: None
2022/06/28-01:44:25.833068 4a6c                              Options.wal_filter: None
2022/06/28-01:44:25.833073 4a6c             Options.avoid_flush_during_recovery: 0
2022/06/28-01:44:25.833079 4a6c             Options.allow_ingest_behind: 0
2022/06/28-01:44:25.833085 4a6c             Options.preserve_deletes: 0
2022/06/28-01:44:25.833092 4a6c             Options.two_write_queues: 0
2022/06/28-01:44:25.833099 4a6c             Options.manual_wal_flush: 0
2022/06/28-01:44:25.833105 4a6c             Options.atomic_flush: 0
2022/06/28-01:44:25.833113 4a6c             Options.avoid_unnecessary_blocking_io: 0
2022/06/28-01:44:25.833118 4a6c                 Options.persist_stats_to_disk: 0
2022/06/28-01:44:25.833124 4a6c                 Options.write_dbid_to_manifest: 0
2022/06/28-01:44:25.833129 4a6c                 Options.log_readahead_size: 0
2022/06/28-01:44:25.833134 4a6c                 Options.file_checksum_gen_factory: Unknown
2022/06/28-01:44:25.833140 4a6c                 Options.best_efforts_recovery: 0
2022/06/28-01:44:25.833145 4a6c                Options.max_bgerror_resume_count: 2147483647
2022/06/28-01:44:25.833150 4a6c            Options.bgerror_resume_retry_interval: 1000000
2022/06/28-01:44:25.833156 4a6c             Options.allow_data_in_errors: 0
2022/06/28-01:44:25.833161 4a6c             Options.db_host_id: __hostname__
2022/06/28-01:44:25.833166 4a6c             Options.max_background_jobs: 2
2022/06/28-01:44:25.833172 4a6c             Options.max_background_compactions: -1
2022/06/28-01:44:25.833178 4a6c             Options.max_subcompactions: 1
2022/06/28-01:44:25.833183 4a6c             Options.avoid_flush_during_shutdown: 0
2022/06/28-01:44:25.833189 4a6c           Options.writable_file_max_buffer_size: 1048576
2022/06/28-01:44:25.833194 4a6c             Options.delayed_write_rate : 16777216
2022/06/28-01:44:25.833199 4a6c             Options.max_total_wal_size: 0
2022/06/28-01:44:25.833205 4a6c             Options.delete_obsolete_files_period_micros: 21600000000
2022/06/28-01:44:25.833210 4a6c                   Options.stats_dump_period_sec: 0
2022/06/28-01:44:25.833216 4a6c                 Options.stats_persist_period_sec: 0
2022/06/28-01:44:25.833221 4a6c                 Options.stats_history_buffer_size: 65536
2022/06/28-01:44:25.833226 4a6c                          Options.max_open_files: -1
2022/06/28-01:44:25.833232 4a6c                          Options.bytes_per_sync: 0
2022/06/28-01:44:25.833237 4a6c                      Options.wal_bytes_per_sync: 0
2022/06/28-01:44:25.833242 4a6c                   Options.strict_bytes_per_sync: 0
2022/06/28-01:44:25.833247 4a6c       Options.compaction_readahead_size: 0
2022/06/28-01:44:25.833253 4a6c                  Options.max_background_flushes: -1
2022/06/28-01:44:25.833260 4a6c Compression algorithms supported:
2022/06/28-01:44:25.833266 4a6c 	kZSTD supported: 1
2022/06/28-01:44:25.833272 4a6c 	kSnappyCompression supported: 1
2022/06/28-01:44:25.833278 4a6c 	kBZip2Compression supported: 0
2022/06/28-01:44:25.833284 4a6c 	kZlibCompression supported: 1
2022/06/28-01:44:25.833289 4a6c 	kLZ4Compression supported: 1
2022/06/28-01:44:25.833320 4a6c 	kXpressCompression supported: 0
2022/06/28-01:44:25.833327 4a6c 	kLZ4HCCompression supported: 1
2022/06/28-01:44:25.833332 4a6c 	kZSTDNotFinalCompression supported: 1
2022/06/28-01:44:25.833338 4a6c Fast CRC32 supported: Supported on x86
2022/06/28-01:44:25.839981 4a6c [db\version_set.cc:4848] Recovering from manifest file: D:\Hive\hivemq-4.8.0\data\persistence\client_events\040000_R\client_events_59/MANIFEST-000103
2022/06/28-01:44:25.844974 4a6c [db\column_family.cc:611] --------------- Options for column family [default]:
2022/06/28-01:44:25.844990 4a6c               Options.comparator: leveldb.BytewiseComparator
2022/06/28-01:44:25.844999 4a6c           Options.merge_operator: StringAppendOperator
2022/06/28-01:44:25.845007 4a6c        Options.compaction_filter: None
2022/06/28-01:44:25.845013 4a6c        Options.compaction_filter_factory: None
2022/06/28-01:44:25.845020 4a6c  Options.sst_partitioner_factory: None
2022/06/28-01:44:25.845028 4a6c         Options.memtable_factory: SkipListFactory
2022/06/28-01:44:25.845035 4a6c            Options.table_factory: BlockBasedTable
2022/06/28-01:44:25.845072 4a6c            table_factory options:   flush_block_policy_factory: FlushBlockBySizePolicyFactory (0000019855231E30)
  cache_index_and_filter_blocks: 0
  cache_index_and_filter_blocks_with_high_priority: 1
  pin_l0_filter_and_index_blocks_in_cache: 0
  pin_top_level_index_and_filter: 1
  index_type: 0
  data_block_index_type: 0
  index_shortening: 1
  data_block_hash_table_util_ratio: 0.750000
  hash_index_allow_collision: 1
  checksum: 1
  no_block_cache: 0
  block_cache: 0000019855CBD490
  block_cache_name: LRUCache
  block_cache_options:
    capacity : 133005760
    num_shard_bits : 6
    strict_capacity_limit : 0
    memory_allocator : None
    high_pri_pool_ratio: 0.000
  block_cache_compressed: 0000000000000000
  persistent_cache: 0000000000000000
  block_size: 32768
  block_size_deviation: 10
  block_restart_interval: 16
  index_block_restart_interval: 1
  metadata_block_size: 4096
  partition_filters: 0
  use_delta_encoding: 1
  filter_policy: nullptr
  whole_key_filtering: 1
  verify_compression: 0
  read_amp_bytes_per_bit: 0
  format_version: 5
  enable_index_compression: 1
  block_align: 0
  max_auto_readahead_size: 262144
  prepopulate_block_cache: 0
2022/06/28-01:44:25.845081 4a6c        Options.write_buffer_size: 2078215
2022/06/28-01:44:25.845088 4a6c  Options.max_write_buffer_number: 2
2022/06/28-01:44:25.845095 4a6c          Options.compression: Snappy
2022/06/28-01:44:25.845103 4a6c                  Options.bottommost_compression: Disabled
2022/06/28-01:44:25.845111 4a6c       Options.prefix_extractor: nullptr
2022/06/28-01:44:25.845118 4a6c   Options.memtable_insert_with_hint_prefix_extractor: nullptr
2022/06/28-01:44:25.845127 4a6c             Options.num_levels: 7
2022/06/28-01:44:25.845134 4a6c        Options.min_write_buffer_number_to_merge: 1
2022/06/28-01:44:25.845141 4a6c     Options.max_write_buffer_number_to_maintain: 0
2022/06/28-01:44:25.845148 4a6c     Options.max_write_buffer_size_to_maintain: 0
2022/06/28-01:44:25.845155 4a6c            Options.bottommost_compression_opts.window_bits: -14
2022/06/28-01:44:25.845164 4a6c                  Options.bottommost_compression_opts.level: 32767
2022/06/28-01:44:25.845171 4a6c               Options.bottommost_compression_opts.strategy: 0
2022/06/28-01:44:25.845178 4a6c         Options.bottommost_compression_opts.max_dict_bytes: 0
2022/06/28-01:44:25.845185 4a6c         Options.bottommost_compression_opts.zstd_max_train_bytes: 0
2022/06/28-01:44:25.845193 4a6c         Options.bottommost_compression_opts.parallel_threads: 1
2022/06/28-01:44:25.845201 4a6c                  Options.bottommost_compression_opts.enabled: false
2022/06/28-01:44:25.845208 4a6c         Options.bottommost_compression_opts.max_dict_buffer_bytes: 0
2022/06/28-01:44:25.845216 4a6c            Options.compression_opts.window_bits: -14
2022/06/28-01:44:25.845222 4a6c                  Options.compression_opts.level: 32767
2022/06/28-01:44:25.845232 4a6c               Options.compression_opts.strategy: 0
2022/06/28-01:44:25.845240 4a6c         Options.compression_opts.max_dict_bytes: 0
2022/06/28-01:44:25.845247 4a6c         Options.compression_opts.zstd_max_train_bytes: 0
2022/06/28-01:44:25.845254 4a6c         Options.compression_opts.parallel_threads: 1
2022/06/28-01:44:25.845261 4a6c                  Options.compression_opts.enabled: false
2022/06/28-01:44:25.845268 4a6c         Options.compression_opts.max_dict_buffer_bytes: 0
2022/06/28-01:44:25.845275 4a6c      Options.level0_file_num_compaction_trigger: 4
2022/06/28-01:44:25.845282 4a6c          Options.level0_slowdown_writes_trigger: 20
2022/06/28-01:44:25.845289 4a6c              Options.level0_stop_writes_trigger: 36
2022/06/28-01:44:25.845297 4a6c                   Options.target_file_size_base: 67108864
2022/06/28-01:44:25.845304 4a6c             Options.target_file_size_multiplier: 1
2022/06/28-01:44:25.845310 4a6c                Options.max_bytes_for_level_base: 268435456
2022/06/28-01:44:25.845318 4a6c Options.level_compaction_dynamic_level_bytes: 0
2022/06/28-01:44:25.845326 4a6c          Options.max_bytes_for_level_multiplier: 10.000000
2022/06/28-01:44:25.845333 4a6c Options.max_bytes_for_level_multiplier_addtl[0]: 1
2022/06/28-01:44:25.845339 4a6c Options.max_bytes_for_level_multiplier_addtl[1]: 1
2022/06/28-01:44:25.845344 4a6c Options.max_bytes_for_level_multiplier_addtl[2]: 1
2022/06/28-01:44:25.845350 4a6c Options.max_bytes_for_level_multiplier_addtl[3]: 1
2022/06/28-01:44:25.845355 4a6c Options.max_bytes_for_level_multiplier_addtl[4]: 1
2022/06/28-01:44:25.845361 4a6c Options.max_bytes_for_level_multiplier_addtl[5]: 1
2022/06/28-01:44:25.845368 4a6c Options.max_bytes_for_level_multiplier_addtl[6]: 1
2022/06/28-01:44:25.845375 4a6c       Options.max_sequential_skip_in_iterations: 8
2022/06/28-01:44:25.845382 4a6c                    Options.max_compaction_bytes: 1677721600
2022/06/28-01:44:25.845390 4a6c                        Options.arena_block_size: 262144
2022/06/28-01:44:25.845397 4a6c   Options.soft_pending_compaction_bytes_limit: 68719476736
2022/06/28-01:44:25.845405 4a6c   Options.hard_pending_compaction_bytes_limit: 274877906944
2022/06/28-01:44:25.845413 4a6c       Options.rate_limit_delay_max_milliseconds: 100
2022/06/28-01:44:25.845421 4a6c                Options.disable_auto_compactions: 0
2022/06/28-01:44:25.845429 4a6c                        Options.compaction_style: kCompactionStyleLevel
2022/06/28-01:44:25.845437 4a6c                          Options.compaction_pri: kMinOverlappingRatio
2022/06/28-01:44:25.845444 4a6c Options.compaction_options_universal.size_ratio: 1
2022/06/28-01:44:25.845452 4a6c Options.compaction_options_universal.min_merge_width: 2
2022/06/28-01:44:25.845460 4a6c Options.compaction_options_universal.max_merge_width: 4294967295
2022/06/28-01:44:25.845467 4a6c Options.compaction_options_universal.max_size_amplification_percent: 200
2022/06/28-01:44:25.845474 4a6c Options.compaction_options_universal.compression_size_percent: -1
2022/06/28-01:44:25.845482 4a6c Options.compaction_options_universal.stop_style: kCompactionStopStyleTotalSize
2022/06/28-01:44:25.845489 4a6c Options.compaction_options_fifo.max_table_files_size: 1073741824
2022/06/28-01:44:25.845497 4a6c Options.compaction_options_fifo.allow_compaction: 0
2022/06/28-01:44:25.845506 4a6c                   Options.table_properties_collectors: 
2022/06/28-01:44:25.845513 4a6c                   Options.inplace_update_support: 0
2022/06/28-01:44:25.845521 4a6c                 Options.inplace_update_num_locks: 10000
2022/06/28-01:44:25.845528 4a6c               Options.memtable_prefix_bloom_size_ratio: 0.000000
2022/06/28-01:44:25.845536 4a6c               Options.memtable_whole_key_filtering: 0
2022/06/28-01:44:25.845542 4a6c   Options.memtable_huge_page_size: 0
2022/06/28-01:44:25.845549 4a6c                           Options.bloom_locality: 0
2022/06/28-01:44:25.845555 4a6c                    Options.max_successive_merges: 0
2022/06/28-01:44:25.845562 4a6c                Options.optimize_filters_for_hits: 0
2022/06/28-01:44:26.945241 4a6c                Options.paranoid_file_checks: 0
2022/06/28-01:44:26.945256 4a6c                Options.force_consistency_checks: 1
2022/06/28-01:44:26.945263 4a6c                Options.report_bg_io_stats: 0
2022/06/28-01:44:26.945271 4a6c                               Options.ttl: 2592000
2022/06/28-01:44:26.945280 4a6c          Options.periodic_compaction_seconds: 0
2022/06/28-01:44:26.945289 4a6c                       Options.enable_blob_files: false
2022/06/28-01:44:26.945299 4a6c                           Options.min_blob_size: 0
2022/06/28-01:44:26.945310 4a6c                          Options.blob_file_size: 268435456
2022/06/28-01:44:26.945322 4a6c                   Options.blob_compression_type: NoCompression
2022/06/28-01:44:26.945334 4a6c          Options.enable_blob_garbage_collection: false
2022/06/28-01:44:26.945349 4a6c      Options.blob_garbage_collection_age_cutoff: 0.250000
2022/06/28-01:44:26.945401 4a6c Options.blob_garbage_collection_force_threshold: 1.000000
2022/06/28-01:44:27.044237 4a6c [db\version_set.cc:4896] Recovered from manifest file:D:\Hive\hivemq-4.8.0\data\persistence\client_events\040000_R\client_events_59/MANIFEST-000103 succeeded,manifest_file_number is 103, next_file_number is 105, last_sequence is 457, log_number is 99,prev_log_number is 0,max_column_family is 0,min_log_number_to_keep is 0
2022/06/28-01:44:27.044253 4a6c [db\version_set.cc:4905] Column family [default] (ID 0), log number is 99
2022/06/28-01:44:27.127038 4a6c [db\version_set.cc:4386] Creating manifest 107
2022/06/28-01:44:27.545419 4a6c EVENT_LOG_v1 {"time_micros": 1656369867545413, "job": 1, "event": "recovery_started", "wal_files": [104]}
2022/06/28-01:44:27.545434 4a6c [db\db_impl\db_impl_open.cc:878] Recovering log #104 mode 2
2022/06/28-01:44:27.791926 4a6c EVENT_LOG_v1 {"time_micros": 1656369867791889, "cf_name": "default", "job": 1, "event": "table_file_creation", "file_number": 108, "file_size": 1836, "file_checksum": "", "file_checksum_func_name": "Unknown", "table_properties": {"data_size": 0, "index_size": 13, "index_partitions": 0, "top_level_index_size": 0, "index_key_is_user_key": 1, "index_value_is_delta_encoded": 1, "filter_size": 0, "raw_key_size": 441, "raw_average_key_size": 21, "raw_value_size": 273, "raw_average_value_size": 13, "num_data_blocks": 0, "num_entries": 21, "num_filter_entries": 0, "num_deletions": 21, "num_merge_operands": 0, "num_range_deletions": 21, "format_version": 0, "fixed_key_len": 0, "filter_policy": "", "column_family_name": "default", "column_family_id": 0, "comparator": "leveldb.BytewiseComparator", "merge_operator": "StringAppendOperator", "prefix_extractor_name": "nullptr", "property_collectors": "[]", "compression": "Snappy", "compression_options": "window_bits=-14; level=32767; strategy=0; max_dict_bytes=0; zstd_max_train_bytes=0; enabled=0; max_dict_buffer_bytes=0; ", "creation_time": 1656369867, "oldest_key_time": 0, "file_creation_time": 0, "slow_compression_estimated_data_size": 0, "fast_compression_estimated_data_size": 0, "db_id": "80303396-db3e-11ec-bbfc-0492261d99fd", "db_session_id": "WTU5DQ24EVCTR89QL84E", "orig_file_number": 108}}
2022/06/28-01:44:27.791986 4a6c [db\version_set.cc:4386] Creating manifest 109
2022/06/28-01:44:28.716801 4a6c EVENT_LOG_v1 {"time_micros": 1656369868716785, "job": 1, "event": "recovery_finished"}
2022/06/28-01:44:28.721014 4a6c [file\delete_scheduler.cc:77] Deleted file D:\Hive\hivemq-4.8.0\data\persistence\client_events\040000_R\client_events_59/000104.log immediately, rate_bytes_per_sec 0, total_trash_size 0 max_trash_db_ratio 0.250000
2022/06/28-01:44:28.940001 4a6c [db\db_impl\db_impl_open.cc:1787] SstFileManager instance 0000019858CA5150
2022/06/28-01:44:28.940843 4a6c DB pointer 00000198582665E0
2022/06/28-01:45:00.444287 6910 [db\compaction\compaction_job.cc:2221] [default] [JOB 3] Compacting 4@0 files to L1, score 1.00
2022/06/28-01:45:00.444298 6910 [db\compaction\compaction_job.cc:2225] [default] Compaction start summary: Base version 3 Base level 0, inputs: [108(1836B) 102(1302B) 96(4460B) 90(6431B)]
2022/06/28-01:45:00.444366 6910 EVENT_LOG_v1 {"time_micros": 1656369900444355, "job": 3, "event": "compaction_started", "compaction_reason": "LevelL0FilesNum", "files_L0": [108, 102, 96, 90], "score": 1, "input_data_size": 14029}
2022/06/28-01:45:00.526303 6910 EVENT_LOG_v1 {"time_micros": 1656369900526267, "cf_name": "default", "job": 3, "event": "table_file_creation", "file_number": 0, "file_size": 0, "file_checksum": "", "file_checksum_func_name": "Unknown", "table_properties": {"data_size": 0, "index_size": 13, "index_partitions": 0, "top_level_index_size": 0, "index_key_is_user_key": 1, "index_value_is_delta_encoded": 1, "filter_size": 0, "raw_key_size": 0, "raw_average_key_size": 0, "raw_value_size": 0, "raw_average_value_size": 0, "num_data_blocks": 0, "num_entries": 0, "num_filter_entries": 0, "num_deletions": 0, "num_merge_operands": 0, "num_range_deletions": 0, "format_version": 0, "fixed_key_len": 0, "filter_policy": "", "column_family_name": "default", "column_family_id": 0, "comparator": "leveldb.BytewiseComparator", "merge_operator": "StringAppendOperator", "prefix_extractor_name": "nullptr", "property_collectors": "[]", "compression": "Snappy", "compression_options": "window_bits=-14; level=32767; strategy=0; max_dict_bytes=0; zstd_max_train_bytes=0; enabled=0; max_dict_buffer_bytes=0; ", "creation_time": 1656182784, "oldest_key_time": 0, "file_creation_time": 1656369900, "slow_compression_estimated_data_size": 0, "fast_compression_estimated_data_size": 0, "db_id": "80303396-db3e-11ec-bbfc-0492261d99fd", "db_session_id": "WTU5DQ24EVCTR89QL84E", "orig_file_number": 113}}
2022/06/28-01:45:00.526353 6910 [db\compaction\compaction_job.cc:1898] [default] [JOB 3] Compacted 4@0 files to L1 => 959 bytes
2022/06/28-01:45:00.609250 6910 (Original Log Time 2022/06/28-01:45:00.609188) [db\compaction\compaction_job.cc:875] [default] compacted to: files[0 0 0 0 0 0 0] max score 0.00, MB/sec: 0.2 rd, 0.0 wr, level 1, files in(4, 0) out(0 +0 blob) MB in(0.0, 0.0 +0.0 blob) out(0.0 +0.0 blob), read-write-amplify(1.1) write-amplify(0.1) OK, records in: 247, records dropped: 247 output_compression: Snappy
2022/06/28-01:45:00.609269 6910 (Original Log Time 2022/06/28-01:45:00.609223) EVENT_LOG_v1 {"time_micros": 1656369900609202, "job": 3, "event": "compaction_finished", "compaction_time_micros": 81960, "compaction_time_cpu_micros": 0, "output_level": 1, "num_output_files": 0, "total_output_size": 959, "num_input_records": 247, "num_output_records": 0, "num_subcompactions": 1, "output_compression": "Snappy", "num_single_delete_mismatches": 0, "num_single_delete_fallthrough": 0, "lsm_state": [0, 0, 0, 0, 0, 0, 0]}
2022/06/28-01:45:00.610289 6910 [file\delete_scheduler.cc:77] Deleted file D:\Hive\hivemq-4.8.0\data\persistence\client_events\040000_R\client_events_59/000108.sst immediately, rate_bytes_per_sec 0, total_trash_size 0 max_trash_db_ratio 0.250000
2022/06/28-01:45:00.610308 6910 EVENT_LOG_v1 {"time_micros": 1656369900610303, "job": 3, "event": "table_file_deletion", "file_number": 108}
2022/06/28-01:45:00.610459 6910 [file\delete_scheduler.cc:77] Deleted file D:\Hive\hivemq-4.8.0\data\persistence\client_events\040000_R\client_events_59/000102.sst immediately, rate_bytes_per_sec 0, total_trash_size 0 max_trash_db_ratio 0.250000
2022/06/28-01:45:00.610474 6910 EVENT_LOG_v1 {"time_micros": 1656369900610470, "job": 3, "event": "table_file_deletion", "file_number": 102}
2022/06/28-01:45:00.610603 6910 [file\delete_scheduler.cc:77] Deleted file D:\Hive\hivemq-4.8.0\data\persistence\client_events\040000_R\client_events_59/000096.sst immediately, rate_bytes_per_sec 0, total_trash_size 0 max_trash_db_ratio 0.250000
2022/06/28-01:45:00.610617 6910 EVENT_LOG_v1 {"time_micros": 1656369900610613, "job": 3, "event": "table_file_deletion", "file_number": 96}
2022/06/28-01:45:00.610762 6910 [file\delete_scheduler.cc:77] Deleted file D:\Hive\hivemq-4.8.0\data\persistence\client_events\040000_R\client_events_59/000090.sst immediately, rate_bytes_per_sec 0, total_trash_size 0 max_trash_db_ratio 0.250000
2022/06/28-01:45:00.610778 6910 EVENT_LOG_v1 {"time_micros": 1656369900610774, "job": 3, "event": "table_file_deletion", "file_number": 90}
