2022/06/28-01:44:22.621246 4edc RocksDB version: 6.26.1
2022/06/28-01:44:22.621302 4edc Git sha 4d57a393a8f1563c0dff1ff468756c23d89e3601
2022/06/28-01:44:22.621324 4edc Compile date 2021-11-22 13:08:56
2022/06/28-01:44:22.621339 4edc DB SUMMARY
2022/06/28-01:44:22.621353 4edc DB Session ID:  WTU5DQ24EVCTR89QL855
2022/06/28-01:44:22.623833 4edc CURRENT file:  CURRENT
2022/06/28-01:44:22.623858 4edc IDENTITY file:  IDENTITY
2022/06/28-01:44:22.623984 4edc MANIFEST file:  MANIFEST-000103 size: 285 Bytes
2022/06/28-01:44:22.624005 4edc SST files in D:\Hive\hivemq-4.8.0\data\persistence\client_events\040000_R\client_events_31 dir, Total Num: 3, files: 000090.sst 000096.sst 000102.sst 
2022/06/28-01:44:22.624021 4edc Write Ahead Log file in D:\Hive\hivemq-4.8.0\data\persistence\client_events\040000_R\client_events_31: 000104.log size: 1008 ; 
2022/06/28-01:44:22.839785 4edc                         Options.error_if_exists: 0
2022/06/28-01:44:22.839797 4edc                       Options.create_if_missing: 1
2022/06/28-01:44:22.839805 4edc                         Options.paranoid_checks: 1
2022/06/28-01:44:22.839813 4edc             Options.flush_verify_memtable_count: 1
2022/06/28-01:44:22.839820 4edc                               Options.track_and_verify_wals_in_manifest: 0
2022/06/28-01:44:22.839827 4edc                                     Options.env: 000001985551AEC0
2022/06/28-01:44:22.839835 4edc                                      Options.fs: WinFS
2022/06/28-01:44:22.839843 4edc                                Options.info_log: 0000019857897650
2022/06/28-01:44:22.839851 4edc                Options.max_file_opening_threads: 16
2022/06/28-01:44:22.839858 4edc                              Options.statistics: 0000019855238810
2022/06/28-01:44:22.839865 4edc                               Options.use_fsync: 0
2022/06/28-01:44:22.839872 4edc                       Options.max_log_file_size: 512000
2022/06/28-01:44:22.839880 4edc                  Options.max_manifest_file_size: 1073741824
2022/06/28-01:44:22.839887 4edc                   Options.log_file_time_to_roll: 0
2022/06/28-01:44:22.839895 4edc                       Options.keep_log_file_num: 2
2022/06/28-01:44:22.839902 4edc                    Options.recycle_log_file_num: 0
2022/06/28-01:44:22.839909 4edc                         Options.allow_fallocate: 1
2022/06/28-01:44:22.839917 4edc                        Options.allow_mmap_reads: 0
2022/06/28-01:44:22.839923 4edc                       Options.allow_mmap_writes: 0
2022/06/28-01:44:22.839930 4edc                        Options.use_direct_reads: 0
2022/06/28-01:44:22.839938 4edc                        Options.use_direct_io_for_flush_and_compaction: 0
2022/06/28-01:44:22.839946 4edc          Options.create_missing_column_families: 0
2022/06/28-01:44:22.839953 4edc                              Options.db_log_dir: 
2022/06/28-01:44:22.839961 4edc                                 Options.wal_dir: 
2022/06/28-01:44:22.839969 4edc                Options.table_cache_numshardbits: 6
2022/06/28-01:44:22.839977 4edc                         Options.WAL_ttl_seconds: 0
2022/06/28-01:44:22.839984 4edc                       Options.WAL_size_limit_MB: 0
2022/06/28-01:44:22.839993 4edc                        Options.max_write_batch_group_size_bytes: 1048576
2022/06/28-01:44:22.840000 4edc             Options.manifest_preallocation_size: 4194304
2022/06/28-01:44:22.840007 4edc                     Options.is_fd_close_on_exec: 1
2022/06/28-01:44:22.840017 4edc                   Options.advise_random_on_open: 1
2022/06/28-01:44:22.840025 4edc                   Options.experimental_mempurge_threshold: 0.000000
2022/06/28-01:44:22.840033 4edc                    Options.db_write_buffer_size: 0
2022/06/28-01:44:22.840041 4edc                    Options.write_buffer_manager: 00000198556EB7C0
2022/06/28-01:44:22.840049 4edc         Options.access_hint_on_compaction_start: 1
2022/06/28-01:44:22.840057 4edc  Options.new_table_reader_for_compaction_inputs: 0
2022/06/28-01:44:22.840064 4edc           Options.random_access_max_buffer_size: 1048576
2022/06/28-01:44:22.840070 4edc                      Options.use_adaptive_mutex: 0
2022/06/28-01:44:22.840101 4edc                            Options.rate_limiter: 0000000000000000
2022/06/28-01:44:22.840108 4edc     Options.sst_file_manager.rate_bytes_per_sec: 0
2022/06/28-01:44:22.840114 4edc                       Options.wal_recovery_mode: 2
2022/06/28-01:44:22.840120 4edc                  Options.enable_thread_tracking: 0
2022/06/28-01:44:22.840125 4edc                  Options.enable_pipelined_write: 0
2022/06/28-01:44:22.840131 4edc                  Options.unordered_write: 0
2022/06/28-01:44:22.840136 4edc         Options.allow_concurrent_memtable_write: 1
2022/06/28-01:44:22.840141 4edc      Options.enable_write_thread_adaptive_yield: 1
2022/06/28-01:44:22.840147 4edc             Options.write_thread_max_yield_usec: 100
2022/06/28-01:44:22.840153 4edc            Options.write_thread_slow_yield_usec: 3
2022/06/28-01:44:22.840158 4edc                               Options.row_cache: None
2022/06/28-01:44:22.840166 4edc                              Options.wal_filter: None
2022/06/28-01:44:22.840172 4edc             Options.avoid_flush_during_recovery: 0
2022/06/28-01:44:22.840177 4edc             Options.allow_ingest_behind: 0
2022/06/28-01:44:22.840182 4edc             Options.preserve_deletes: 0
2022/06/28-01:44:22.840188 4edc             Options.two_write_queues: 0
2022/06/28-01:44:22.840193 4edc             Options.manual_wal_flush: 0
2022/06/28-01:44:22.840200 4edc             Options.atomic_flush: 0
2022/06/28-01:44:22.840205 4edc             Options.avoid_unnecessary_blocking_io: 0
2022/06/28-01:44:22.840213 4edc                 Options.persist_stats_to_disk: 0
2022/06/28-01:44:22.840218 4edc                 Options.write_dbid_to_manifest: 0
2022/06/28-01:44:22.840224 4edc                 Options.log_readahead_size: 0
2022/06/28-01:44:22.840229 4edc                 Options.file_checksum_gen_factory: Unknown
2022/06/28-01:44:22.840235 4edc                 Options.best_efforts_recovery: 0
2022/06/28-01:44:22.840241 4edc                Options.max_bgerror_resume_count: 2147483647
2022/06/28-01:44:22.840252 4edc            Options.bgerror_resume_retry_interval: 1000000
2022/06/28-01:44:22.840258 4edc             Options.allow_data_in_errors: 0
2022/06/28-01:44:22.840265 4edc             Options.db_host_id: __hostname__
2022/06/28-01:44:22.840271 4edc             Options.max_background_jobs: 2
2022/06/28-01:44:22.840277 4edc             Options.max_background_compactions: -1
2022/06/28-01:44:22.840284 4edc             Options.max_subcompactions: 1
2022/06/28-01:44:22.840291 4edc             Options.avoid_flush_during_shutdown: 0
2022/06/28-01:44:22.840298 4edc           Options.writable_file_max_buffer_size: 1048576
2022/06/28-01:44:22.840305 4edc             Options.delayed_write_rate : 16777216
2022/06/28-01:44:22.840313 4edc             Options.max_total_wal_size: 0
2022/06/28-01:44:22.840320 4edc             Options.delete_obsolete_files_period_micros: 21600000000
2022/06/28-01:44:22.840326 4edc                   Options.stats_dump_period_sec: 0
2022/06/28-01:44:22.840332 4edc                 Options.stats_persist_period_sec: 0
2022/06/28-01:44:22.840337 4edc                 Options.stats_history_buffer_size: 65536
2022/06/28-01:44:22.840344 4edc                          Options.max_open_files: -1
2022/06/28-01:44:22.840349 4edc                          Options.bytes_per_sync: 0
2022/06/28-01:44:22.840355 4edc                      Options.wal_bytes_per_sync: 0
2022/06/28-01:44:22.840361 4edc                   Options.strict_bytes_per_sync: 0
2022/06/28-01:44:22.840367 4edc       Options.compaction_readahead_size: 0
2022/06/28-01:44:22.840374 4edc                  Options.max_background_flushes: -1
2022/06/28-01:44:22.840380 4edc Compression algorithms supported:
2022/06/28-01:44:22.840385 4edc 	kZSTD supported: 1
2022/06/28-01:44:22.840391 4edc 	kSnappyCompression supported: 1
2022/06/28-01:44:22.840396 4edc 	kBZip2Compression supported: 0
2022/06/28-01:44:22.840401 4edc 	kZlibCompression supported: 1
2022/06/28-01:44:22.840407 4edc 	kLZ4Compression supported: 1
2022/06/28-01:44:22.840435 4edc 	kXpressCompression supported: 0
2022/06/28-01:44:22.840443 4edc 	kLZ4HCCompression supported: 1
2022/06/28-01:44:22.840449 4edc 	kZSTDNotFinalCompression supported: 1
2022/06/28-01:44:22.840457 4edc Fast CRC32 supported: Supported on x86
2022/06/28-01:44:22.844620 4edc [db\version_set.cc:4848] Recovering from manifest file: D:\Hive\hivemq-4.8.0\data\persistence\client_events\040000_R\client_events_31/MANIFEST-000103
2022/06/28-01:44:22.849972 4edc [db\column_family.cc:611] --------------- Options for column family [default]:
2022/06/28-01:44:22.849987 4edc               Options.comparator: leveldb.BytewiseComparator
2022/06/28-01:44:22.849995 4edc           Options.merge_operator: StringAppendOperator
2022/06/28-01:44:22.850002 4edc        Options.compaction_filter: None
2022/06/28-01:44:22.850009 4edc        Options.compaction_filter_factory: None
2022/06/28-01:44:22.850016 4edc  Options.sst_partitioner_factory: None
2022/06/28-01:44:22.850023 4edc         Options.memtable_factory: SkipListFactory
2022/06/28-01:44:22.850029 4edc            Options.table_factory: BlockBasedTable
2022/06/28-01:44:22.850065 4edc            table_factory options:   flush_block_policy_factory: FlushBlockBySizePolicyFactory (0000019855231E30)
  cache_index_and_filter_blocks: 0
  cache_index_and_filter_blocks_with_high_priority: 1
  pin_l0_filter_and_index_blocks_in_cache: 0
  pin_top_level_index_and_filter: 1
  index_type: 0
  data_block_index_type: 0
  index_shortening: 1
  data_block_hash_table_util_ratio: 0.750000
  hash_index_allow_collision: 1
  checksum: 1
  no_block_cache: 0
  block_cache: 0000019855CBD490
  block_cache_name: LRUCache
  block_cache_options:
    capacity : 133005760
    num_shard_bits : 6
    strict_capacity_limit : 0
    memory_allocator : None
    high_pri_pool_ratio: 0.000
  block_cache_compressed: 0000000000000000
  persistent_cache: 0000000000000000
  block_size: 32768
  block_size_deviation: 10
  block_restart_interval: 16
  index_block_restart_interval: 1
  metadata_block_size: 4096
  partition_filters: 0
  use_delta_encoding: 1
  filter_policy: nullptr
  whole_key_filtering: 1
  verify_compression: 0
  read_amp_bytes_per_bit: 0
  format_version: 5
  enable_index_compression: 1
  block_align: 0
  max_auto_readahead_size: 262144
  prepopulate_block_cache: 0
2022/06/28-01:44:22.850073 4edc        Options.write_buffer_size: 2078215
2022/06/28-01:44:22.850078 4edc  Options.max_write_buffer_number: 2
2022/06/28-01:44:22.850084 4edc          Options.compression: Snappy
2022/06/28-01:44:22.850089 4edc                  Options.bottommost_compression: Disabled
2022/06/28-01:44:22.850095 4edc       Options.prefix_extractor: nullptr
2022/06/28-01:44:22.850100 4edc   Options.memtable_insert_with_hint_prefix_extractor: nullptr
2022/06/28-01:44:22.850105 4edc             Options.num_levels: 7
2022/06/28-01:44:22.850111 4edc        Options.min_write_buffer_number_to_merge: 1
2022/06/28-01:44:22.850116 4edc     Options.max_write_buffer_number_to_maintain: 0
2022/06/28-01:44:22.850121 4edc     Options.max_write_buffer_size_to_maintain: 0
2022/06/28-01:44:22.850128 4edc            Options.bottommost_compression_opts.window_bits: -14
2022/06/28-01:44:22.850137 4edc                  Options.bottommost_compression_opts.level: 32767
2022/06/28-01:44:22.850182 4edc               Options.bottommost_compression_opts.strategy: 0
2022/06/28-01:44:22.850197 4edc         Options.bottommost_compression_opts.max_dict_bytes: 0
2022/06/28-01:44:22.850207 4edc         Options.bottommost_compression_opts.zstd_max_train_bytes: 0
2022/06/28-01:44:22.850234 4edc         Options.bottommost_compression_opts.parallel_threads: 1
2022/06/28-01:44:22.850257 4edc                  Options.bottommost_compression_opts.enabled: false
2022/06/28-01:44:22.850272 4edc         Options.bottommost_compression_opts.max_dict_buffer_bytes: 0
2022/06/28-01:44:22.850290 4edc            Options.compression_opts.window_bits: -14
2022/06/28-01:44:22.850298 4edc                  Options.compression_opts.level: 32767
2022/06/28-01:44:22.850308 4edc               Options.compression_opts.strategy: 0
2022/06/28-01:44:22.850317 4edc         Options.compression_opts.max_dict_bytes: 0
2022/06/28-01:44:22.850324 4edc         Options.compression_opts.zstd_max_train_bytes: 0
2022/06/28-01:44:22.850331 4edc         Options.compression_opts.parallel_threads: 1
2022/06/28-01:44:22.850338 4edc                  Options.compression_opts.enabled: false
2022/06/28-01:44:22.850346 4edc         Options.compression_opts.max_dict_buffer_bytes: 0
2022/06/28-01:44:22.850353 4edc      Options.level0_file_num_compaction_trigger: 4
2022/06/28-01:44:22.850360 4edc          Options.level0_slowdown_writes_trigger: 20
2022/06/28-01:44:22.850367 4edc              Options.level0_stop_writes_trigger: 36
2022/06/28-01:44:22.850374 4edc                   Options.target_file_size_base: 67108864
2022/06/28-01:44:22.850381 4edc             Options.target_file_size_multiplier: 1
2022/06/28-01:44:22.850388 4edc                Options.max_bytes_for_level_base: 268435456
2022/06/28-01:44:22.850395 4edc Options.level_compaction_dynamic_level_bytes: 0
2022/06/28-01:44:22.850404 4edc          Options.max_bytes_for_level_multiplier: 10.000000
2022/06/28-01:44:22.850411 4edc Options.max_bytes_for_level_multiplier_addtl[0]: 1
2022/06/28-01:44:22.850418 4edc Options.max_bytes_for_level_multiplier_addtl[1]: 1
2022/06/28-01:44:22.850426 4edc Options.max_bytes_for_level_multiplier_addtl[2]: 1
2022/06/28-01:44:22.850433 4edc Options.max_bytes_for_level_multiplier_addtl[3]: 1
2022/06/28-01:44:22.850439 4edc Options.max_bytes_for_level_multiplier_addtl[4]: 1
2022/06/28-01:44:22.850447 4edc Options.max_bytes_for_level_multiplier_addtl[5]: 1
2022/06/28-01:44:22.850455 4edc Options.max_bytes_for_level_multiplier_addtl[6]: 1
2022/06/28-01:44:22.850462 4edc       Options.max_sequential_skip_in_iterations: 8
2022/06/28-01:44:22.850469 4edc                    Options.max_compaction_bytes: 1677721600
2022/06/28-01:44:22.850476 4edc                        Options.arena_block_size: 262144
2022/06/28-01:44:22.850483 4edc   Options.soft_pending_compaction_bytes_limit: 68719476736
2022/06/28-01:44:22.850490 4edc   Options.hard_pending_compaction_bytes_limit: 274877906944
2022/06/28-01:44:22.850498 4edc       Options.rate_limit_delay_max_milliseconds: 100
2022/06/28-01:44:22.850504 4edc                Options.disable_auto_compactions: 0
2022/06/28-01:44:22.850512 4edc                        Options.compaction_style: kCompactionStyleLevel
2022/06/28-01:44:22.850519 4edc                          Options.compaction_pri: kMinOverlappingRatio
2022/06/28-01:44:22.850526 4edc Options.compaction_options_universal.size_ratio: 1
2022/06/28-01:44:22.850533 4edc Options.compaction_options_universal.min_merge_width: 2
2022/06/28-01:44:22.850540 4edc Options.compaction_options_universal.max_merge_width: 4294967295
2022/06/28-01:44:22.850547 4edc Options.compaction_options_universal.max_size_amplification_percent: 200
2022/06/28-01:44:22.850554 4edc Options.compaction_options_universal.compression_size_percent: -1
2022/06/28-01:44:22.850563 4edc Options.compaction_options_universal.stop_style: kCompactionStopStyleTotalSize
2022/06/28-01:44:22.850570 4edc Options.compaction_options_fifo.max_table_files_size: 1073741824
2022/06/28-01:44:22.850578 4edc Options.compaction_options_fifo.allow_compaction: 0
2022/06/28-01:44:22.850586 4edc                   Options.table_properties_collectors: 
2022/06/28-01:44:22.850593 4edc                   Options.inplace_update_support: 0
2022/06/28-01:44:22.850600 4edc                 Options.inplace_update_num_locks: 10000
2022/06/28-01:44:22.850607 4edc               Options.memtable_prefix_bloom_size_ratio: 0.000000
2022/06/28-01:44:22.850614 4edc               Options.memtable_whole_key_filtering: 0
2022/06/28-01:44:22.850622 4edc   Options.memtable_huge_page_size: 0
2022/06/28-01:44:22.850628 4edc                           Options.bloom_locality: 0
2022/06/28-01:44:22.850635 4edc                    Options.max_successive_merges: 0
2022/06/28-01:44:22.850642 4edc                Options.optimize_filters_for_hits: 0
2022/06/28-01:44:22.850680 4edc                Options.paranoid_file_checks: 0
2022/06/28-01:44:22.850689 4edc                Options.force_consistency_checks: 1
2022/06/28-01:44:22.850695 4edc                Options.report_bg_io_stats: 0
2022/06/28-01:44:22.850702 4edc                               Options.ttl: 2592000
2022/06/28-01:44:22.850709 4edc          Options.periodic_compaction_seconds: 0
2022/06/28-01:44:22.850716 4edc                       Options.enable_blob_files: false
2022/06/28-01:44:22.850723 4edc                           Options.min_blob_size: 0
2022/06/28-01:44:22.850731 4edc                          Options.blob_file_size: 268435456
2022/06/28-01:44:22.850739 4edc                   Options.blob_compression_type: NoCompression
2022/06/28-01:44:22.850746 4edc          Options.enable_blob_garbage_collection: false
2022/06/28-01:44:22.850754 4edc      Options.blob_garbage_collection_age_cutoff: 0.250000
2022/06/28-01:44:22.850760 4edc Options.blob_garbage_collection_force_threshold: 1.000000
2022/06/28-01:44:22.859124 4edc [db\version_set.cc:4896] Recovered from manifest file:D:\Hive\hivemq-4.8.0\data\persistence\client_events\040000_R\client_events_31/MANIFEST-000103 succeeded,manifest_file_number is 103, next_file_number is 105, last_sequence is 456, log_number is 99,prev_log_number is 0,max_column_family is 0,min_log_number_to_keep is 0
2022/06/28-01:44:22.859139 4edc [db\version_set.cc:4905] Column family [default] (ID 0), log number is 99
2022/06/28-01:44:22.863565 4edc [db\version_set.cc:4386] Creating manifest 107
2022/06/28-01:44:23.434315 4edc EVENT_LOG_v1 {"time_micros": 1656369863434283, "job": 1, "event": "recovery_started", "wal_files": [104]}
2022/06/28-01:44:23.434325 4edc [db\db_impl\db_impl_open.cc:878] Recovering log #104 mode 2
2022/06/28-01:44:23.919075 4edc EVENT_LOG_v1 {"time_micros": 1656369863919040, "cf_name": "default", "job": 1, "event": "table_file_creation", "file_number": 108, "file_size": 1836, "file_checksum": "", "file_checksum_func_name": "Unknown", "table_properties": {"data_size": 0, "index_size": 13, "index_partitions": 0, "top_level_index_size": 0, "index_key_is_user_key": 1, "index_value_is_delta_encoded": 1, "filter_size": 0, "raw_key_size": 441, "raw_average_key_size": 21, "raw_value_size": 273, "raw_average_value_size": 13, "num_data_blocks": 0, "num_entries": 21, "num_filter_entries": 0, "num_deletions": 21, "num_merge_operands": 0, "num_range_deletions": 21, "format_version": 0, "fixed_key_len": 0, "filter_policy": "", "column_family_name": "default", "column_family_id": 0, "comparator": "leveldb.BytewiseComparator", "merge_operator": "StringAppendOperator", "prefix_extractor_name": "nullptr", "property_collectors": "[]", "compression": "Snappy", "compression_options": "window_bits=-14; level=32767; strategy=0; max_dict_bytes=0; zstd_max_train_bytes=0; enabled=0; max_dict_buffer_bytes=0; ", "creation_time": 1656369863, "oldest_key_time": 0, "file_creation_time": 0, "slow_compression_estimated_data_size": 0, "fast_compression_estimated_data_size": 0, "db_id": "80303374-db3e-11ec-bbfc-0492261d99fd", "db_session_id": "WTU5DQ24EVCTR89QL855", "orig_file_number": 108}}
2022/06/28-01:44:23.919129 4edc [db\version_set.cc:4386] Creating manifest 109
2022/06/28-01:44:24.852348 4edc EVENT_LOG_v1 {"time_micros": 1656369864852330, "job": 1, "event": "recovery_finished"}
2022/06/28-01:44:24.859601 4edc [file\delete_scheduler.cc:77] Deleted file D:\Hive\hivemq-4.8.0\data\persistence\client_events\040000_R\client_events_31/000104.log immediately, rate_bytes_per_sec 0, total_trash_size 0 max_trash_db_ratio 0.250000
2022/06/28-01:44:25.204533 4edc [db\db_impl\db_impl_open.cc:1787] SstFileManager instance 000001985561D1D0
2022/06/28-01:44:25.205402 4edc DB pointer 00000198589416E0
2022/06/28-01:44:46.885710 6910 [db\compaction\compaction_job.cc:2221] [default] [JOB 3] Compacting 4@0 files to L1, score 1.00
2022/06/28-01:44:46.885721 6910 [db\compaction\compaction_job.cc:2225] [default] Compaction start summary: Base version 3 Base level 0, inputs: [108(1836B) 102(1302B) 96(4460B) 90(6431B)]
2022/06/28-01:44:46.885738 6910 EVENT_LOG_v1 {"time_micros": 1656369886885728, "job": 3, "event": "compaction_started", "compaction_reason": "LevelL0FilesNum", "files_L0": [108, 102, 96, 90], "score": 1, "input_data_size": 14029}
2022/06/28-01:44:47.077624 6910 EVENT_LOG_v1 {"time_micros": 1656369887077584, "cf_name": "default", "job": 3, "event": "table_file_creation", "file_number": 0, "file_size": 0, "file_checksum": "", "file_checksum_func_name": "Unknown", "table_properties": {"data_size": 0, "index_size": 13, "index_partitions": 0, "top_level_index_size": 0, "index_key_is_user_key": 1, "index_value_is_delta_encoded": 1, "filter_size": 0, "raw_key_size": 0, "raw_average_key_size": 0, "raw_value_size": 0, "raw_average_value_size": 0, "num_data_blocks": 0, "num_entries": 0, "num_filter_entries": 0, "num_deletions": 0, "num_merge_operands": 0, "num_range_deletions": 0, "format_version": 0, "fixed_key_len": 0, "filter_policy": "", "column_family_name": "default", "column_family_id": 0, "comparator": "leveldb.BytewiseComparator", "merge_operator": "StringAppendOperator", "prefix_extractor_name": "nullptr", "property_collectors": "[]", "compression": "Snappy", "compression_options": "window_bits=-14; level=32767; strategy=0; max_dict_bytes=0; zstd_max_train_bytes=0; enabled=0; max_dict_buffer_bytes=0; ", "creation_time": 1656182768, "oldest_key_time": 0, "file_creation_time": 1656369886, "slow_compression_estimated_data_size": 0, "fast_compression_estimated_data_size": 0, "db_id": "80303374-db3e-11ec-bbfc-0492261d99fd", "db_session_id": "WTU5DQ24EVCTR89QL855", "orig_file_number": 113}}
2022/06/28-01:44:47.077662 6910 [db\compaction\compaction_job.cc:1898] [default] [JOB 3] Compacted 4@0 files to L1 => 959 bytes
2022/06/28-01:44:47.248591 6910 (Original Log Time 2022/06/28-01:44:47.248525) [db\compaction\compaction_job.cc:875] [default] compacted to: files[0 0 0 0 0 0 0] max score 0.00, MB/sec: 0.1 rd, 0.0 wr, level 1, files in(4, 0) out(0 +0 blob) MB in(0.0, 0.0 +0.0 blob) out(0.0 +0.0 blob), read-write-amplify(1.1) write-amplify(0.1) OK, records in: 247, records dropped: 247 output_compression: Snappy
2022/06/28-01:44:47.248613 6910 (Original Log Time 2022/06/28-01:44:47.248560) EVENT_LOG_v1 {"time_micros": 1656369887248539, "job": 3, "event": "compaction_finished", "compaction_time_micros": 191912, "compaction_time_cpu_micros": 0, "output_level": 1, "num_output_files": 0, "total_output_size": 959, "num_input_records": 247, "num_output_records": 0, "num_subcompactions": 1, "output_compression": "Snappy", "num_single_delete_mismatches": 0, "num_single_delete_fallthrough": 0, "lsm_state": [0, 0, 0, 0, 0, 0, 0]}
2022/06/28-01:44:47.248863 6910 [file\delete_scheduler.cc:77] Deleted file D:\Hive\hivemq-4.8.0\data\persistence\client_events\040000_R\client_events_31/000108.sst immediately, rate_bytes_per_sec 0, total_trash_size 0 max_trash_db_ratio 0.250000
2022/06/28-01:44:47.248893 6910 EVENT_LOG_v1 {"time_micros": 1656369887248885, "job": 3, "event": "table_file_deletion", "file_number": 108}
2022/06/28-01:44:47.249178 6910 [file\delete_scheduler.cc:77] Deleted file D:\Hive\hivemq-4.8.0\data\persistence\client_events\040000_R\client_events_31/000102.sst immediately, rate_bytes_per_sec 0, total_trash_size 0 max_trash_db_ratio 0.250000
2022/06/28-01:44:47.249204 6910 EVENT_LOG_v1 {"time_micros": 1656369887249198, "job": 3, "event": "table_file_deletion", "file_number": 102}
2022/06/28-01:44:47.249425 6910 [file\delete_scheduler.cc:77] Deleted file D:\Hive\hivemq-4.8.0\data\persistence\client_events\040000_R\client_events_31/000096.sst immediately, rate_bytes_per_sec 0, total_trash_size 0 max_trash_db_ratio 0.250000
2022/06/28-01:44:47.249448 6910 EVENT_LOG_v1 {"time_micros": 1656369887249441, "job": 3, "event": "table_file_deletion", "file_number": 96}
2022/06/28-01:44:47.254610 6910 [file\delete_scheduler.cc:77] Deleted file D:\Hive\hivemq-4.8.0\data\persistence\client_events\040000_R\client_events_31/000090.sst immediately, rate_bytes_per_sec 0, total_trash_size 0 max_trash_db_ratio 0.250000
2022/06/28-01:44:47.254647 6910 EVENT_LOG_v1 {"time_micros": 1656369887254638, "job": 3, "event": "table_file_deletion", "file_number": 90}
