2022/06/28-01:44:21.410732 65c8 RocksDB version: 6.26.1
2022/06/28-01:44:21.410770 65c8 Git sha 4d57a393a8f1563c0dff1ff468756c23d89e3601
2022/06/28-01:44:21.410786 65c8 Compile date 2021-11-22 13:08:56
2022/06/28-01:44:21.410797 65c8 DB SUMMARY
2022/06/28-01:44:21.410809 65c8 DB Session ID:  WTU5DQ24EVCTR89QL851
2022/06/28-01:44:21.413907 65c8 CURRENT file:  CURRENT
2022/06/28-01:44:21.413935 65c8 IDENTITY file:  IDENTITY
2022/06/28-01:44:21.414057 65c8 MANIFEST file:  MANIFEST-000103 size: 285 Bytes
2022/06/28-01:44:21.414079 65c8 SST files in D:\Hive\hivemq-4.8.0\data\persistence\client_events\040000_R\client_events_17 dir, Total Num: 3, files: 000090.sst 000096.sst 000102.sst 
2022/06/28-01:44:21.414096 65c8 Write Ahead Log file in D:\Hive\hivemq-4.8.0\data\persistence\client_events\040000_R\client_events_17: 000104.log size: 1008 ; 
2022/06/28-01:44:21.425485 65c8                         Options.error_if_exists: 0
2022/06/28-01:44:21.425499 65c8                       Options.create_if_missing: 1
2022/06/28-01:44:21.425507 65c8                         Options.paranoid_checks: 1
2022/06/28-01:44:21.425515 65c8             Options.flush_verify_memtable_count: 1
2022/06/28-01:44:21.425522 65c8                               Options.track_and_verify_wals_in_manifest: 0
2022/06/28-01:44:21.425530 65c8                                     Options.env: 000001985551AEC0
2022/06/28-01:44:21.425539 65c8                                      Options.fs: WinFS
2022/06/28-01:44:21.425545 65c8                                Options.info_log: 0000019857897170
2022/06/28-01:44:21.425553 65c8                Options.max_file_opening_threads: 16
2022/06/28-01:44:21.425560 65c8                              Options.statistics: 0000019855238810
2022/06/28-01:44:21.425567 65c8                               Options.use_fsync: 0
2022/06/28-01:44:21.425575 65c8                       Options.max_log_file_size: 512000
2022/06/28-01:44:21.425581 65c8                  Options.max_manifest_file_size: 1073741824
2022/06/28-01:44:21.425589 65c8                   Options.log_file_time_to_roll: 0
2022/06/28-01:44:21.425595 65c8                       Options.keep_log_file_num: 2
2022/06/28-01:44:21.425603 65c8                    Options.recycle_log_file_num: 0
2022/06/28-01:44:21.425610 65c8                         Options.allow_fallocate: 1
2022/06/28-01:44:21.425617 65c8                        Options.allow_mmap_reads: 0
2022/06/28-01:44:21.425623 65c8                       Options.allow_mmap_writes: 0
2022/06/28-01:44:21.425631 65c8                        Options.use_direct_reads: 0
2022/06/28-01:44:21.425638 65c8                        Options.use_direct_io_for_flush_and_compaction: 0
2022/06/28-01:44:21.425646 65c8          Options.create_missing_column_families: 0
2022/06/28-01:44:21.425654 65c8                              Options.db_log_dir: 
2022/06/28-01:44:21.425660 65c8                                 Options.wal_dir: 
2022/06/28-01:44:21.425667 65c8                Options.table_cache_numshardbits: 6
2022/06/28-01:44:21.425674 65c8                         Options.WAL_ttl_seconds: 0
2022/06/28-01:44:21.425681 65c8                       Options.WAL_size_limit_MB: 0
2022/06/28-01:44:21.425691 65c8                        Options.max_write_batch_group_size_bytes: 1048576
2022/06/28-01:44:21.425699 65c8             Options.manifest_preallocation_size: 4194304
2022/06/28-01:44:21.425707 65c8                     Options.is_fd_close_on_exec: 1
2022/06/28-01:44:21.425715 65c8                   Options.advise_random_on_open: 1
2022/06/28-01:44:21.425723 65c8                   Options.experimental_mempurge_threshold: 0.000000
2022/06/28-01:44:21.425731 65c8                    Options.db_write_buffer_size: 0
2022/06/28-01:44:21.425738 65c8                    Options.write_buffer_manager: 00000198556EB4F0
2022/06/28-01:44:21.425746 65c8         Options.access_hint_on_compaction_start: 1
2022/06/28-01:44:21.425753 65c8  Options.new_table_reader_for_compaction_inputs: 0
2022/06/28-01:44:21.425760 65c8           Options.random_access_max_buffer_size: 1048576
2022/06/28-01:44:21.425767 65c8                      Options.use_adaptive_mutex: 0
2022/06/28-01:44:21.427262 65c8                            Options.rate_limiter: 0000000000000000
2022/06/28-01:44:21.427275 65c8     Options.sst_file_manager.rate_bytes_per_sec: 0
2022/06/28-01:44:21.427284 65c8                       Options.wal_recovery_mode: 2
2022/06/28-01:44:21.427292 65c8                  Options.enable_thread_tracking: 0
2022/06/28-01:44:21.427299 65c8                  Options.enable_pipelined_write: 0
2022/06/28-01:44:21.427306 65c8                  Options.unordered_write: 0
2022/06/28-01:44:21.427313 65c8         Options.allow_concurrent_memtable_write: 1
2022/06/28-01:44:21.427320 65c8      Options.enable_write_thread_adaptive_yield: 1
2022/06/28-01:44:21.427327 65c8             Options.write_thread_max_yield_usec: 100
2022/06/28-01:44:21.427333 65c8            Options.write_thread_slow_yield_usec: 3
2022/06/28-01:44:21.427340 65c8                               Options.row_cache: None
2022/06/28-01:44:21.427348 65c8                              Options.wal_filter: None
2022/06/28-01:44:21.427355 65c8             Options.avoid_flush_during_recovery: 0
2022/06/28-01:44:21.428293 65c8             Options.allow_ingest_behind: 0
2022/06/28-01:44:21.428303 65c8             Options.preserve_deletes: 0
2022/06/28-01:44:21.428309 65c8             Options.two_write_queues: 0
2022/06/28-01:44:21.428315 65c8             Options.manual_wal_flush: 0
2022/06/28-01:44:21.428322 65c8             Options.atomic_flush: 0
2022/06/28-01:44:21.428329 65c8             Options.avoid_unnecessary_blocking_io: 0
2022/06/28-01:44:21.428338 65c8                 Options.persist_stats_to_disk: 0
2022/06/28-01:44:21.428344 65c8                 Options.write_dbid_to_manifest: 0
2022/06/28-01:44:21.428351 65c8                 Options.log_readahead_size: 0
2022/06/28-01:44:21.428358 65c8                 Options.file_checksum_gen_factory: Unknown
2022/06/28-01:44:21.428365 65c8                 Options.best_efforts_recovery: 0
2022/06/28-01:44:21.428372 65c8                Options.max_bgerror_resume_count: 2147483647
2022/06/28-01:44:21.428379 65c8            Options.bgerror_resume_retry_interval: 1000000
2022/06/28-01:44:21.428386 65c8             Options.allow_data_in_errors: 0
2022/06/28-01:44:21.428392 65c8             Options.db_host_id: __hostname__
2022/06/28-01:44:21.428398 65c8             Options.max_background_jobs: 2
2022/06/28-01:44:21.428405 65c8             Options.max_background_compactions: -1
2022/06/28-01:44:21.428411 65c8             Options.max_subcompactions: 1
2022/06/28-01:44:21.428417 65c8             Options.avoid_flush_during_shutdown: 0
2022/06/28-01:44:21.428424 65c8           Options.writable_file_max_buffer_size: 1048576
2022/06/28-01:44:21.428430 65c8             Options.delayed_write_rate : 16777216
2022/06/28-01:44:21.428436 65c8             Options.max_total_wal_size: 0
2022/06/28-01:44:21.428443 65c8             Options.delete_obsolete_files_period_micros: 21600000000
2022/06/28-01:44:21.428451 65c8                   Options.stats_dump_period_sec: 0
2022/06/28-01:44:21.428461 65c8                 Options.stats_persist_period_sec: 0
2022/06/28-01:44:21.428468 65c8                 Options.stats_history_buffer_size: 65536
2022/06/28-01:44:21.428475 65c8                          Options.max_open_files: -1
2022/06/28-01:44:21.428481 65c8                          Options.bytes_per_sync: 0
2022/06/28-01:44:21.428488 65c8                      Options.wal_bytes_per_sync: 0
2022/06/28-01:44:21.428496 65c8                   Options.strict_bytes_per_sync: 0
2022/06/28-01:44:21.428503 65c8       Options.compaction_readahead_size: 0
2022/06/28-01:44:21.428511 65c8                  Options.max_background_flushes: -1
2022/06/28-01:44:21.428518 65c8 Compression algorithms supported:
2022/06/28-01:44:21.428525 65c8 	kZSTD supported: 1
2022/06/28-01:44:21.428531 65c8 	kSnappyCompression supported: 1
2022/06/28-01:44:21.428538 65c8 	kBZip2Compression supported: 0
2022/06/28-01:44:21.428543 65c8 	kZlibCompression supported: 1
2022/06/28-01:44:21.428550 65c8 	kLZ4Compression supported: 1
2022/06/28-01:44:21.428591 65c8 	kXpressCompression supported: 0
2022/06/28-01:44:21.428600 65c8 	kLZ4HCCompression supported: 1
2022/06/28-01:44:21.428606 65c8 	kZSTDNotFinalCompression supported: 1
2022/06/28-01:44:21.428613 65c8 Fast CRC32 supported: Supported on x86
2022/06/28-01:44:21.438755 65c8 [db\version_set.cc:4848] Recovering from manifest file: D:\Hive\hivemq-4.8.0\data\persistence\client_events\040000_R\client_events_17/MANIFEST-000103
2022/06/28-01:44:21.445761 65c8 [db\column_family.cc:611] --------------- Options for column family [default]:
2022/06/28-01:44:21.445780 65c8               Options.comparator: leveldb.BytewiseComparator
2022/06/28-01:44:21.445787 65c8           Options.merge_operator: StringAppendOperator
2022/06/28-01:44:21.445793 65c8        Options.compaction_filter: None
2022/06/28-01:44:21.445799 65c8        Options.compaction_filter_factory: None
2022/06/28-01:44:21.445805 65c8  Options.sst_partitioner_factory: None
2022/06/28-01:44:21.445811 65c8         Options.memtable_factory: SkipListFactory
2022/06/28-01:44:21.445818 65c8            Options.table_factory: BlockBasedTable
2022/06/28-01:44:21.445869 65c8            table_factory options:   flush_block_policy_factory: FlushBlockBySizePolicyFactory (0000019855231E30)
  cache_index_and_filter_blocks: 0
  cache_index_and_filter_blocks_with_high_priority: 1
  pin_l0_filter_and_index_blocks_in_cache: 0
  pin_top_level_index_and_filter: 1
  index_type: 0
  data_block_index_type: 0
  index_shortening: 1
  data_block_hash_table_util_ratio: 0.750000
  hash_index_allow_collision: 1
  checksum: 1
  no_block_cache: 0
  block_cache: 0000019855CBD490
  block_cache_name: LRUCache
  block_cache_options:
    capacity : 133005760
    num_shard_bits : 6
    strict_capacity_limit : 0
    memory_allocator : None
    high_pri_pool_ratio: 0.000
  block_cache_compressed: 0000000000000000
  persistent_cache: 0000000000000000
  block_size: 32768
  block_size_deviation: 10
  block_restart_interval: 16
  index_block_restart_interval: 1
  metadata_block_size: 4096
  partition_filters: 0
  use_delta_encoding: 1
  filter_policy: nullptr
  whole_key_filtering: 1
  verify_compression: 0
  read_amp_bytes_per_bit: 0
  format_version: 5
  enable_index_compression: 1
  block_align: 0
  max_auto_readahead_size: 262144
  prepopulate_block_cache: 0
2022/06/28-01:44:21.445878 65c8        Options.write_buffer_size: 2078215
2022/06/28-01:44:21.445887 65c8  Options.max_write_buffer_number: 2
2022/06/28-01:44:21.445894 65c8          Options.compression: Snappy
2022/06/28-01:44:21.445900 65c8                  Options.bottommost_compression: Disabled
2022/06/28-01:44:21.445907 65c8       Options.prefix_extractor: nullptr
2022/06/28-01:44:21.445913 65c8   Options.memtable_insert_with_hint_prefix_extractor: nullptr
2022/06/28-01:44:21.445920 65c8             Options.num_levels: 7
2022/06/28-01:44:21.445927 65c8        Options.min_write_buffer_number_to_merge: 1
2022/06/28-01:44:21.445935 65c8     Options.max_write_buffer_number_to_maintain: 0
2022/06/28-01:44:21.445943 65c8     Options.max_write_buffer_size_to_maintain: 0
2022/06/28-01:44:21.445950 65c8            Options.bottommost_compression_opts.window_bits: -14
2022/06/28-01:44:21.445958 65c8                  Options.bottommost_compression_opts.level: 32767
2022/06/28-01:44:21.445971 65c8               Options.bottommost_compression_opts.strategy: 0
2022/06/28-01:44:21.445979 65c8         Options.bottommost_compression_opts.max_dict_bytes: 0
2022/06/28-01:44:21.445986 65c8         Options.bottommost_compression_opts.zstd_max_train_bytes: 0
2022/06/28-01:44:21.445993 65c8         Options.bottommost_compression_opts.parallel_threads: 1
2022/06/28-01:44:21.446001 65c8                  Options.bottommost_compression_opts.enabled: false
2022/06/28-01:44:21.446008 65c8         Options.bottommost_compression_opts.max_dict_buffer_bytes: 0
2022/06/28-01:44:21.446015 65c8            Options.compression_opts.window_bits: -14
2022/06/28-01:44:21.446022 65c8                  Options.compression_opts.level: 32767
2022/06/28-01:44:21.446034 65c8               Options.compression_opts.strategy: 0
2022/06/28-01:44:21.446043 65c8         Options.compression_opts.max_dict_bytes: 0
2022/06/28-01:44:21.446050 65c8         Options.compression_opts.zstd_max_train_bytes: 0
2022/06/28-01:44:21.446057 65c8         Options.compression_opts.parallel_threads: 1
2022/06/28-01:44:21.446064 65c8                  Options.compression_opts.enabled: false
2022/06/28-01:44:21.446071 65c8         Options.compression_opts.max_dict_buffer_bytes: 0
2022/06/28-01:44:21.446078 65c8      Options.level0_file_num_compaction_trigger: 4
2022/06/28-01:44:21.446085 65c8          Options.level0_slowdown_writes_trigger: 20
2022/06/28-01:44:21.446092 65c8              Options.level0_stop_writes_trigger: 36
2022/06/28-01:44:21.446099 65c8                   Options.target_file_size_base: 67108864
2022/06/28-01:44:21.446106 65c8             Options.target_file_size_multiplier: 1
2022/06/28-01:44:21.446113 65c8                Options.max_bytes_for_level_base: 268435456
2022/06/28-01:44:21.446121 65c8 Options.level_compaction_dynamic_level_bytes: 0
2022/06/28-01:44:21.446129 65c8          Options.max_bytes_for_level_multiplier: 10.000000
2022/06/28-01:44:21.446138 65c8 Options.max_bytes_for_level_multiplier_addtl[0]: 1
2022/06/28-01:44:21.446144 65c8 Options.max_bytes_for_level_multiplier_addtl[1]: 1
2022/06/28-01:44:21.446151 65c8 Options.max_bytes_for_level_multiplier_addtl[2]: 1
2022/06/28-01:44:21.446158 65c8 Options.max_bytes_for_level_multiplier_addtl[3]: 1
2022/06/28-01:44:21.446164 65c8 Options.max_bytes_for_level_multiplier_addtl[4]: 1
2022/06/28-01:44:21.446171 65c8 Options.max_bytes_for_level_multiplier_addtl[5]: 1
2022/06/28-01:44:21.446178 65c8 Options.max_bytes_for_level_multiplier_addtl[6]: 1
2022/06/28-01:44:21.446184 65c8       Options.max_sequential_skip_in_iterations: 8
2022/06/28-01:44:21.446223 65c8                    Options.max_compaction_bytes: 1677721600
2022/06/28-01:44:21.446233 65c8                        Options.arena_block_size: 262144
2022/06/28-01:44:21.446241 65c8   Options.soft_pending_compaction_bytes_limit: 68719476736
2022/06/28-01:44:21.446247 65c8   Options.hard_pending_compaction_bytes_limit: 274877906944
2022/06/28-01:44:21.446257 65c8       Options.rate_limit_delay_max_milliseconds: 100
2022/06/28-01:44:21.446263 65c8                Options.disable_auto_compactions: 0
2022/06/28-01:44:21.446272 65c8                        Options.compaction_style: kCompactionStyleLevel
2022/06/28-01:44:21.446279 65c8                          Options.compaction_pri: kMinOverlappingRatio
2022/06/28-01:44:21.446287 65c8 Options.compaction_options_universal.size_ratio: 1
2022/06/28-01:44:21.446294 65c8 Options.compaction_options_universal.min_merge_width: 2
2022/06/28-01:44:21.446301 65c8 Options.compaction_options_universal.max_merge_width: 4294967295
2022/06/28-01:44:21.446308 65c8 Options.compaction_options_universal.max_size_amplification_percent: 200
2022/06/28-01:44:21.446316 65c8 Options.compaction_options_universal.compression_size_percent: -1
2022/06/28-01:44:21.446324 65c8 Options.compaction_options_universal.stop_style: kCompactionStopStyleTotalSize
2022/06/28-01:44:21.446333 65c8 Options.compaction_options_fifo.max_table_files_size: 1073741824
2022/06/28-01:44:21.446342 65c8 Options.compaction_options_fifo.allow_compaction: 0
2022/06/28-01:44:21.446351 65c8                   Options.table_properties_collectors: 
2022/06/28-01:44:21.446357 65c8                   Options.inplace_update_support: 0
2022/06/28-01:44:21.446363 65c8                 Options.inplace_update_num_locks: 10000
2022/06/28-01:44:21.446371 65c8               Options.memtable_prefix_bloom_size_ratio: 0.000000
2022/06/28-01:44:21.446378 65c8               Options.memtable_whole_key_filtering: 0
2022/06/28-01:44:21.446384 65c8   Options.memtable_huge_page_size: 0
2022/06/28-01:44:21.446391 65c8                           Options.bloom_locality: 0
2022/06/28-01:44:21.446398 65c8                    Options.max_successive_merges: 0
2022/06/28-01:44:21.446403 65c8                Options.optimize_filters_for_hits: 0
2022/06/28-01:44:21.446514 65c8                Options.paranoid_file_checks: 0
2022/06/28-01:44:21.446525 65c8                Options.force_consistency_checks: 1
2022/06/28-01:44:21.446531 65c8                Options.report_bg_io_stats: 0
2022/06/28-01:44:21.446538 65c8                               Options.ttl: 2592000
2022/06/28-01:44:21.446543 65c8          Options.periodic_compaction_seconds: 0
2022/06/28-01:44:21.446550 65c8                       Options.enable_blob_files: false
2022/06/28-01:44:21.446556 65c8                           Options.min_blob_size: 0
2022/06/28-01:44:21.446563 65c8                          Options.blob_file_size: 268435456
2022/06/28-01:44:21.446570 65c8                   Options.blob_compression_type: NoCompression
2022/06/28-01:44:21.446577 65c8          Options.enable_blob_garbage_collection: false
2022/06/28-01:44:21.446584 65c8      Options.blob_garbage_collection_age_cutoff: 0.250000
2022/06/28-01:44:21.446592 65c8 Options.blob_garbage_collection_force_threshold: 1.000000
2022/06/28-01:44:21.612688 65c8 [db\version_set.cc:4896] Recovered from manifest file:D:\Hive\hivemq-4.8.0\data\persistence\client_events\040000_R\client_events_17/MANIFEST-000103 succeeded,manifest_file_number is 103, next_file_number is 105, last_sequence is 456, log_number is 99,prev_log_number is 0,max_column_family is 0,min_log_number_to_keep is 0
2022/06/28-01:44:21.612703 65c8 [db\version_set.cc:4905] Column family [default] (ID 0), log number is 99
2022/06/28-01:44:21.616513 65c8 [db\version_set.cc:4386] Creating manifest 107
2022/06/28-01:44:22.507312 65c8 EVENT_LOG_v1 {"time_micros": 1656369862506820, "job": 1, "event": "recovery_started", "wal_files": [104]}
2022/06/28-01:44:22.507327 65c8 [db\db_impl\db_impl_open.cc:878] Recovering log #104 mode 2
2022/06/28-01:44:23.017332 65c8 EVENT_LOG_v1 {"time_micros": 1656369863017298, "cf_name": "default", "job": 1, "event": "table_file_creation", "file_number": 108, "file_size": 1836, "file_checksum": "", "file_checksum_func_name": "Unknown", "table_properties": {"data_size": 0, "index_size": 13, "index_partitions": 0, "top_level_index_size": 0, "index_key_is_user_key": 1, "index_value_is_delta_encoded": 1, "filter_size": 0, "raw_key_size": 441, "raw_average_key_size": 21, "raw_value_size": 273, "raw_average_value_size": 13, "num_data_blocks": 0, "num_entries": 21, "num_filter_entries": 0, "num_deletions": 21, "num_merge_operands": 0, "num_range_deletions": 21, "format_version": 0, "fixed_key_len": 0, "filter_policy": "", "column_family_name": "default", "column_family_id": 0, "comparator": "leveldb.BytewiseComparator", "merge_operator": "StringAppendOperator", "prefix_extractor_name": "nullptr", "property_collectors": "[]", "compression": "Snappy", "compression_options": "window_bits=-14; level=32767; strategy=0; max_dict_bytes=0; zstd_max_train_bytes=0; enabled=0; max_dict_buffer_bytes=0; ", "creation_time": 1656369862, "oldest_key_time": 0, "file_creation_time": 0, "slow_compression_estimated_data_size": 0, "fast_compression_estimated_data_size": 0, "db_id": "80303368-db3e-11ec-bbfc-0492261d99fd", "db_session_id": "WTU5DQ24EVCTR89QL851", "orig_file_number": 108}}
2022/06/28-01:44:23.017376 65c8 [db\version_set.cc:4386] Creating manifest 109
2022/06/28-01:44:23.481616 65c8 EVENT_LOG_v1 {"time_micros": 1656369863481414, "job": 1, "event": "recovery_finished"}
2022/06/28-01:44:23.486235 65c8 [file\delete_scheduler.cc:77] Deleted file D:\Hive\hivemq-4.8.0\data\persistence\client_events\040000_R\client_events_17/000104.log immediately, rate_bytes_per_sec 0, total_trash_size 0 max_trash_db_ratio 0.250000
2022/06/28-01:44:23.966351 65c8 [db\db_impl\db_impl_open.cc:1787] SstFileManager instance 0000019856AAE190
2022/06/28-01:44:23.971465 65c8 DB pointer 0000019855C06A00
2022/06/28-01:44:25.397833 6910 [db\compaction\compaction_job.cc:2221] [default] [JOB 3] Compacting 4@0 files to L1, score 1.00
2022/06/28-01:44:25.397851 6910 [db\compaction\compaction_job.cc:2225] [default] Compaction start summary: Base version 3 Base level 0, inputs: [108(1836B) 102(1302B) 96(4460B) 90(6431B)]
2022/06/28-01:44:25.398620 6910 EVENT_LOG_v1 {"time_micros": 1656369865397943, "job": 3, "event": "compaction_started", "compaction_reason": "LevelL0FilesNum", "files_L0": [108, 102, 96, 90], "score": 1, "input_data_size": 14029}
2022/06/28-01:44:27.162149 6910 EVENT_LOG_v1 {"time_micros": 1656369867162111, "cf_name": "default", "job": 3, "event": "table_file_creation", "file_number": 0, "file_size": 0, "file_checksum": "", "file_checksum_func_name": "Unknown", "table_properties": {"data_size": 0, "index_size": 13, "index_partitions": 0, "top_level_index_size": 0, "index_key_is_user_key": 1, "index_value_is_delta_encoded": 1, "filter_size": 0, "raw_key_size": 0, "raw_average_key_size": 0, "raw_value_size": 0, "raw_average_value_size": 0, "num_data_blocks": 0, "num_entries": 0, "num_filter_entries": 0, "num_deletions": 0, "num_merge_operands": 0, "num_range_deletions": 0, "format_version": 0, "fixed_key_len": 0, "filter_policy": "", "column_family_name": "default", "column_family_id": 0, "comparator": "leveldb.BytewiseComparator", "merge_operator": "StringAppendOperator", "prefix_extractor_name": "nullptr", "property_collectors": "[]", "compression": "Snappy", "compression_options": "window_bits=-14; level=32767; strategy=0; max_dict_bytes=0; zstd_max_train_bytes=0; enabled=0; max_dict_buffer_bytes=0; ", "creation_time": 1656182767, "oldest_key_time": 0, "file_creation_time": 1656369865, "slow_compression_estimated_data_size": 0, "fast_compression_estimated_data_size": 0, "db_id": "80303368-db3e-11ec-bbfc-0492261d99fd", "db_session_id": "WTU5DQ24EVCTR89QL851", "orig_file_number": 113}}
2022/06/28-01:44:27.162188 6910 [db\compaction\compaction_job.cc:1898] [default] [JOB 3] Compacted 4@0 files to L1 => 959 bytes
2022/06/28-01:44:27.207607 6910 (Original Log Time 2022/06/28-01:44:27.207508) [db\compaction\compaction_job.cc:875] [default] compacted to: files[0 0 0 0 0 0 0] max score 0.00, MB/sec: 0.0 rd, 0.0 wr, level 1, files in(4, 0) out(0 +0 blob) MB in(0.0, 0.0 +0.0 blob) out(0.0 +0.0 blob), read-write-amplify(1.1) write-amplify(0.1) OK, records in: 247, records dropped: 247 output_compression: Snappy
2022/06/28-01:44:27.207629 6910 (Original Log Time 2022/06/28-01:44:27.207561) EVENT_LOG_v1 {"time_micros": 1656369867207524, "job": 3, "event": "compaction_finished", "compaction_time_micros": 1763549, "compaction_time_cpu_micros": 0, "output_level": 1, "num_output_files": 0, "total_output_size": 959, "num_input_records": 247, "num_output_records": 0, "num_subcompactions": 1, "output_compression": "Snappy", "num_single_delete_mismatches": 0, "num_single_delete_fallthrough": 0, "lsm_state": [0, 0, 0, 0, 0, 0, 0]}
2022/06/28-01:44:27.208257 6910 [file\delete_scheduler.cc:77] Deleted file D:\Hive\hivemq-4.8.0\data\persistence\client_events\040000_R\client_events_17/000108.sst immediately, rate_bytes_per_sec 0, total_trash_size 0 max_trash_db_ratio 0.250000
2022/06/28-01:44:27.208300 6910 EVENT_LOG_v1 {"time_micros": 1656369867208290, "job": 3, "event": "table_file_deletion", "file_number": 108}
2022/06/28-01:44:27.208751 6910 [file\delete_scheduler.cc:77] Deleted file D:\Hive\hivemq-4.8.0\data\persistence\client_events\040000_R\client_events_17/000102.sst immediately, rate_bytes_per_sec 0, total_trash_size 0 max_trash_db_ratio 0.250000
2022/06/28-01:44:27.209164 6910 EVENT_LOG_v1 {"time_micros": 1656369867208911, "job": 3, "event": "table_file_deletion", "file_number": 102}
2022/06/28-01:44:27.209484 6910 [file\delete_scheduler.cc:77] Deleted file D:\Hive\hivemq-4.8.0\data\persistence\client_events\040000_R\client_events_17/000096.sst immediately, rate_bytes_per_sec 0, total_trash_size 0 max_trash_db_ratio 0.250000
2022/06/28-01:44:27.209928 6910 EVENT_LOG_v1 {"time_micros": 1656369867209564, "job": 3, "event": "table_file_deletion", "file_number": 96}
2022/06/28-01:44:27.249863 6910 [file\delete_scheduler.cc:77] Deleted file D:\Hive\hivemq-4.8.0\data\persistence\client_events\040000_R\client_events_17/000090.sst immediately, rate_bytes_per_sec 0, total_trash_size 0 max_trash_db_ratio 0.250000
2022/06/28-01:44:27.249964 6910 EVENT_LOG_v1 {"time_micros": 1656369867249894, "job": 3, "event": "table_file_deletion", "file_number": 90}
