2022/06/28-01:44:25.599432 ad4 RocksDB version: 6.26.1
2022/06/28-01:44:25.599529 ad4 Git sha 4d57a393a8f1563c0dff1ff468756c23d89e3601
2022/06/28-01:44:25.599549 ad4 Compile date 2021-11-22 13:08:56
2022/06/28-01:44:25.599561 ad4 DB SUMMARY
2022/06/28-01:44:25.599574 ad4 DB Session ID:  WTU5DQ24EVCTR89QL84D
2022/06/28-01:44:25.607032 ad4 CURRENT file:  CURRENT
2022/06/28-01:44:25.607053 ad4 IDENTITY file:  IDENTITY
2022/06/28-01:44:25.607223 ad4 MANIFEST file:  MANIFEST-000103 size: 285 Bytes
2022/06/28-01:44:25.607241 ad4 SST files in D:\Hive\hivemq-4.8.0\data\persistence\client_events\040000_R\client_events_57 dir, Total Num: 3, files: 000090.sst 000096.sst 000102.sst 
2022/06/28-01:44:25.607257 ad4 Write Ahead Log file in D:\Hive\hivemq-4.8.0\data\persistence\client_events\040000_R\client_events_57: 000104.log size: 1008 ; 
2022/06/28-01:44:25.830141 ad4                         Options.error_if_exists: 0
2022/06/28-01:44:25.830150 ad4                       Options.create_if_missing: 1
2022/06/28-01:44:25.830156 ad4                         Options.paranoid_checks: 1
2022/06/28-01:44:25.830163 ad4             Options.flush_verify_memtable_count: 1
2022/06/28-01:44:25.830170 ad4                               Options.track_and_verify_wals_in_manifest: 0
2022/06/28-01:44:25.830178 ad4                                     Options.env: 000001985551AEC0
2022/06/28-01:44:25.830392 ad4                                      Options.fs: WinFS
2022/06/28-01:44:25.830400 ad4                                Options.info_log: 0000019858A04BE0
2022/06/28-01:44:25.830407 ad4                Options.max_file_opening_threads: 16
2022/06/28-01:44:25.830415 ad4                              Options.statistics: 0000019855238810
2022/06/28-01:44:25.830422 ad4                               Options.use_fsync: 0
2022/06/28-01:44:25.830429 ad4                       Options.max_log_file_size: 512000
2022/06/28-01:44:25.830435 ad4                  Options.max_manifest_file_size: 1073741824
2022/06/28-01:44:25.830442 ad4                   Options.log_file_time_to_roll: 0
2022/06/28-01:44:25.830449 ad4                       Options.keep_log_file_num: 2
2022/06/28-01:44:25.830456 ad4                    Options.recycle_log_file_num: 0
2022/06/28-01:44:25.830463 ad4                         Options.allow_fallocate: 1
2022/06/28-01:44:25.830470 ad4                        Options.allow_mmap_reads: 0
2022/06/28-01:44:25.830477 ad4                       Options.allow_mmap_writes: 0
2022/06/28-01:44:25.830484 ad4                        Options.use_direct_reads: 0
2022/06/28-01:44:25.830491 ad4                        Options.use_direct_io_for_flush_and_compaction: 0
2022/06/28-01:44:25.830498 ad4          Options.create_missing_column_families: 0
2022/06/28-01:44:25.830505 ad4                              Options.db_log_dir: 
2022/06/28-01:44:25.830511 ad4                                 Options.wal_dir: 
2022/06/28-01:44:25.830518 ad4                Options.table_cache_numshardbits: 6
2022/06/28-01:44:25.830526 ad4                         Options.WAL_ttl_seconds: 0
2022/06/28-01:44:25.830532 ad4                       Options.WAL_size_limit_MB: 0
2022/06/28-01:44:25.830540 ad4                        Options.max_write_batch_group_size_bytes: 1048576
2022/06/28-01:44:25.830547 ad4             Options.manifest_preallocation_size: 4194304
2022/06/28-01:44:25.830555 ad4                     Options.is_fd_close_on_exec: 1
2022/06/28-01:44:25.830562 ad4                   Options.advise_random_on_open: 1
2022/06/28-01:44:25.830569 ad4                   Options.experimental_mempurge_threshold: 0.000000
2022/06/28-01:44:25.830575 ad4                    Options.db_write_buffer_size: 0
2022/06/28-01:44:25.830583 ad4                    Options.write_buffer_manager: 0000019857FB8370
2022/06/28-01:44:25.830590 ad4         Options.access_hint_on_compaction_start: 1
2022/06/28-01:44:25.830597 ad4  Options.new_table_reader_for_compaction_inputs: 0
2022/06/28-01:44:25.830604 ad4           Options.random_access_max_buffer_size: 1048576
2022/06/28-01:44:25.830611 ad4                      Options.use_adaptive_mutex: 0
2022/06/28-01:44:25.830644 ad4                            Options.rate_limiter: 0000000000000000
2022/06/28-01:44:25.830652 ad4     Options.sst_file_manager.rate_bytes_per_sec: 0
2022/06/28-01:44:25.830659 ad4                       Options.wal_recovery_mode: 2
2022/06/28-01:44:25.830666 ad4                  Options.enable_thread_tracking: 0
2022/06/28-01:44:25.830673 ad4                  Options.enable_pipelined_write: 0
2022/06/28-01:44:25.830681 ad4                  Options.unordered_write: 0
2022/06/28-01:44:25.830688 ad4         Options.allow_concurrent_memtable_write: 1
2022/06/28-01:44:25.830696 ad4      Options.enable_write_thread_adaptive_yield: 1
2022/06/28-01:44:25.830702 ad4             Options.write_thread_max_yield_usec: 100
2022/06/28-01:44:25.830710 ad4            Options.write_thread_slow_yield_usec: 3
2022/06/28-01:44:25.830717 ad4                               Options.row_cache: None
2022/06/28-01:44:25.830724 ad4                              Options.wal_filter: None
2022/06/28-01:44:25.830731 ad4             Options.avoid_flush_during_recovery: 0
2022/06/28-01:44:25.830738 ad4             Options.allow_ingest_behind: 0
2022/06/28-01:44:25.830745 ad4             Options.preserve_deletes: 0
2022/06/28-01:44:25.830752 ad4             Options.two_write_queues: 0
2022/06/28-01:44:25.830758 ad4             Options.manual_wal_flush: 0
2022/06/28-01:44:25.830765 ad4             Options.atomic_flush: 0
2022/06/28-01:44:25.830772 ad4             Options.avoid_unnecessary_blocking_io: 0
2022/06/28-01:44:25.830785 ad4                 Options.persist_stats_to_disk: 0
2022/06/28-01:44:25.830792 ad4                 Options.write_dbid_to_manifest: 0
2022/06/28-01:44:25.830799 ad4                 Options.log_readahead_size: 0
2022/06/28-01:44:25.830806 ad4                 Options.file_checksum_gen_factory: Unknown
2022/06/28-01:44:25.830812 ad4                 Options.best_efforts_recovery: 0
2022/06/28-01:44:25.830819 ad4                Options.max_bgerror_resume_count: 2147483647
2022/06/28-01:44:25.830826 ad4            Options.bgerror_resume_retry_interval: 1000000
2022/06/28-01:44:25.830833 ad4             Options.allow_data_in_errors: 0
2022/06/28-01:44:25.830839 ad4             Options.db_host_id: __hostname__
2022/06/28-01:44:25.830846 ad4             Options.max_background_jobs: 2
2022/06/28-01:44:25.830853 ad4             Options.max_background_compactions: -1
2022/06/28-01:44:25.830860 ad4             Options.max_subcompactions: 1
2022/06/28-01:44:25.830867 ad4             Options.avoid_flush_during_shutdown: 0
2022/06/28-01:44:25.830874 ad4           Options.writable_file_max_buffer_size: 1048576
2022/06/28-01:44:25.830881 ad4             Options.delayed_write_rate : 16777216
2022/06/28-01:44:25.830888 ad4             Options.max_total_wal_size: 0
2022/06/28-01:44:25.830895 ad4             Options.delete_obsolete_files_period_micros: 21600000000
2022/06/28-01:44:25.830902 ad4                   Options.stats_dump_period_sec: 0
2022/06/28-01:44:25.830910 ad4                 Options.stats_persist_period_sec: 0
2022/06/28-01:44:25.830917 ad4                 Options.stats_history_buffer_size: 65536
2022/06/28-01:44:25.830924 ad4                          Options.max_open_files: -1
2022/06/28-01:44:25.830931 ad4                          Options.bytes_per_sync: 0
2022/06/28-01:44:25.830938 ad4                      Options.wal_bytes_per_sync: 0
2022/06/28-01:44:25.830945 ad4                   Options.strict_bytes_per_sync: 0
2022/06/28-01:44:25.830953 ad4       Options.compaction_readahead_size: 0
2022/06/28-01:44:25.830960 ad4                  Options.max_background_flushes: -1
2022/06/28-01:44:25.830967 ad4 Compression algorithms supported:
2022/06/28-01:44:25.830973 ad4 	kZSTD supported: 1
2022/06/28-01:44:25.830980 ad4 	kSnappyCompression supported: 1
2022/06/28-01:44:25.830986 ad4 	kBZip2Compression supported: 0
2022/06/28-01:44:25.830992 ad4 	kZlibCompression supported: 1
2022/06/28-01:44:25.830998 ad4 	kLZ4Compression supported: 1
2022/06/28-01:44:25.831005 ad4 	kXpressCompression supported: 0
2022/06/28-01:44:25.831265 ad4 	kLZ4HCCompression supported: 1
2022/06/28-01:44:25.831273 ad4 	kZSTDNotFinalCompression supported: 1
2022/06/28-01:44:25.831281 ad4 Fast CRC32 supported: Supported on x86
2022/06/28-01:44:25.839038 ad4 [db\version_set.cc:4848] Recovering from manifest file: D:\Hive\hivemq-4.8.0\data\persistence\client_events\040000_R\client_events_57/MANIFEST-000103
2022/06/28-01:44:25.843941 ad4 [db\column_family.cc:611] --------------- Options for column family [default]:
2022/06/28-01:44:25.843951 ad4               Options.comparator: leveldb.BytewiseComparator
2022/06/28-01:44:25.843958 ad4           Options.merge_operator: StringAppendOperator
2022/06/28-01:44:25.843964 ad4        Options.compaction_filter: None
2022/06/28-01:44:25.843971 ad4        Options.compaction_filter_factory: None
2022/06/28-01:44:25.843977 ad4  Options.sst_partitioner_factory: None
2022/06/28-01:44:25.843984 ad4         Options.memtable_factory: SkipListFactory
2022/06/28-01:44:25.843990 ad4            Options.table_factory: BlockBasedTable
2022/06/28-01:44:25.844029 ad4            table_factory options:   flush_block_policy_factory: FlushBlockBySizePolicyFactory (0000019855231E30)
  cache_index_and_filter_blocks: 0
  cache_index_and_filter_blocks_with_high_priority: 1
  pin_l0_filter_and_index_blocks_in_cache: 0
  pin_top_level_index_and_filter: 1
  index_type: 0
  data_block_index_type: 0
  index_shortening: 1
  data_block_hash_table_util_ratio: 0.750000
  hash_index_allow_collision: 1
  checksum: 1
  no_block_cache: 0
  block_cache: 0000019855CBD490
  block_cache_name: LRUCache
  block_cache_options:
    capacity : 133005760
    num_shard_bits : 6
    strict_capacity_limit : 0
    memory_allocator : None
    high_pri_pool_ratio: 0.000
  block_cache_compressed: 0000000000000000
  persistent_cache: 0000000000000000
  block_size: 32768
  block_size_deviation: 10
  block_restart_interval: 16
  index_block_restart_interval: 1
  metadata_block_size: 4096
  partition_filters: 0
  use_delta_encoding: 1
  filter_policy: nullptr
  whole_key_filtering: 1
  verify_compression: 0
  read_amp_bytes_per_bit: 0
  format_version: 5
  enable_index_compression: 1
  block_align: 0
  max_auto_readahead_size: 262144
  prepopulate_block_cache: 0
2022/06/28-01:44:25.844036 ad4        Options.write_buffer_size: 2078215
2022/06/28-01:44:25.844042 ad4  Options.max_write_buffer_number: 2
2022/06/28-01:44:25.844049 ad4          Options.compression: Snappy
2022/06/28-01:44:25.844055 ad4                  Options.bottommost_compression: Disabled
2022/06/28-01:44:25.844061 ad4       Options.prefix_extractor: nullptr
2022/06/28-01:44:25.844068 ad4   Options.memtable_insert_with_hint_prefix_extractor: nullptr
2022/06/28-01:44:25.844075 ad4             Options.num_levels: 7
2022/06/28-01:44:25.844082 ad4        Options.min_write_buffer_number_to_merge: 1
2022/06/28-01:44:25.844089 ad4     Options.max_write_buffer_number_to_maintain: 0
2022/06/28-01:44:25.844096 ad4     Options.max_write_buffer_size_to_maintain: 0
2022/06/28-01:44:25.844103 ad4            Options.bottommost_compression_opts.window_bits: -14
2022/06/28-01:44:25.844110 ad4                  Options.bottommost_compression_opts.level: 32767
2022/06/28-01:44:25.844117 ad4               Options.bottommost_compression_opts.strategy: 0
2022/06/28-01:44:25.844124 ad4         Options.bottommost_compression_opts.max_dict_bytes: 0
2022/06/28-01:44:25.844131 ad4         Options.bottommost_compression_opts.zstd_max_train_bytes: 0
2022/06/28-01:44:25.844138 ad4         Options.bottommost_compression_opts.parallel_threads: 1
2022/06/28-01:44:25.844145 ad4                  Options.bottommost_compression_opts.enabled: false
2022/06/28-01:44:25.844152 ad4         Options.bottommost_compression_opts.max_dict_buffer_bytes: 0
2022/06/28-01:44:25.844159 ad4            Options.compression_opts.window_bits: -14
2022/06/28-01:44:25.844166 ad4                  Options.compression_opts.level: 32767
2022/06/28-01:44:25.844173 ad4               Options.compression_opts.strategy: 0
2022/06/28-01:44:25.844180 ad4         Options.compression_opts.max_dict_bytes: 0
2022/06/28-01:44:25.844188 ad4         Options.compression_opts.zstd_max_train_bytes: 0
2022/06/28-01:44:25.844196 ad4         Options.compression_opts.parallel_threads: 1
2022/06/28-01:44:25.844202 ad4                  Options.compression_opts.enabled: false
2022/06/28-01:44:25.844208 ad4         Options.compression_opts.max_dict_buffer_bytes: 0
2022/06/28-01:44:25.844214 ad4      Options.level0_file_num_compaction_trigger: 4
2022/06/28-01:44:25.844221 ad4          Options.level0_slowdown_writes_trigger: 20
2022/06/28-01:44:25.844228 ad4              Options.level0_stop_writes_trigger: 36
2022/06/28-01:44:25.844235 ad4                   Options.target_file_size_base: 67108864
2022/06/28-01:44:25.844241 ad4             Options.target_file_size_multiplier: 1
2022/06/28-01:44:25.844248 ad4                Options.max_bytes_for_level_base: 268435456
2022/06/28-01:44:25.844255 ad4 Options.level_compaction_dynamic_level_bytes: 0
2022/06/28-01:44:25.844262 ad4          Options.max_bytes_for_level_multiplier: 10.000000
2022/06/28-01:44:25.844269 ad4 Options.max_bytes_for_level_multiplier_addtl[0]: 1
2022/06/28-01:44:25.844276 ad4 Options.max_bytes_for_level_multiplier_addtl[1]: 1
2022/06/28-01:44:25.844283 ad4 Options.max_bytes_for_level_multiplier_addtl[2]: 1
2022/06/28-01:44:25.844290 ad4 Options.max_bytes_for_level_multiplier_addtl[3]: 1
2022/06/28-01:44:25.844297 ad4 Options.max_bytes_for_level_multiplier_addtl[4]: 1
2022/06/28-01:44:25.844305 ad4 Options.max_bytes_for_level_multiplier_addtl[5]: 1
2022/06/28-01:44:25.844311 ad4 Options.max_bytes_for_level_multiplier_addtl[6]: 1
2022/06/28-01:44:25.844319 ad4       Options.max_sequential_skip_in_iterations: 8
2022/06/28-01:44:25.844326 ad4                    Options.max_compaction_bytes: 1677721600
2022/06/28-01:44:25.844334 ad4                        Options.arena_block_size: 262144
2022/06/28-01:44:25.844342 ad4   Options.soft_pending_compaction_bytes_limit: 68719476736
2022/06/28-01:44:25.844350 ad4   Options.hard_pending_compaction_bytes_limit: 274877906944
2022/06/28-01:44:25.844358 ad4       Options.rate_limit_delay_max_milliseconds: 100
2022/06/28-01:44:25.844365 ad4                Options.disable_auto_compactions: 0
2022/06/28-01:44:25.844373 ad4                        Options.compaction_style: kCompactionStyleLevel
2022/06/28-01:44:25.844381 ad4                          Options.compaction_pri: kMinOverlappingRatio
2022/06/28-01:44:25.844389 ad4 Options.compaction_options_universal.size_ratio: 1
2022/06/28-01:44:25.844397 ad4 Options.compaction_options_universal.min_merge_width: 2
2022/06/28-01:44:25.844405 ad4 Options.compaction_options_universal.max_merge_width: 4294967295
2022/06/28-01:44:25.844413 ad4 Options.compaction_options_universal.max_size_amplification_percent: 200
2022/06/28-01:44:25.844422 ad4 Options.compaction_options_universal.compression_size_percent: -1
2022/06/28-01:44:25.844430 ad4 Options.compaction_options_universal.stop_style: kCompactionStopStyleTotalSize
2022/06/28-01:44:25.844438 ad4 Options.compaction_options_fifo.max_table_files_size: 1073741824
2022/06/28-01:44:25.844446 ad4 Options.compaction_options_fifo.allow_compaction: 0
2022/06/28-01:44:25.844456 ad4                   Options.table_properties_collectors: 
2022/06/28-01:44:25.844464 ad4                   Options.inplace_update_support: 0
2022/06/28-01:44:25.844472 ad4                 Options.inplace_update_num_locks: 10000
2022/06/28-01:44:25.844480 ad4               Options.memtable_prefix_bloom_size_ratio: 0.000000
2022/06/28-01:44:25.844488 ad4               Options.memtable_whole_key_filtering: 0
2022/06/28-01:44:25.844496 ad4   Options.memtable_huge_page_size: 0
2022/06/28-01:44:25.844504 ad4                           Options.bloom_locality: 0
2022/06/28-01:44:25.844511 ad4                    Options.max_successive_merges: 0
2022/06/28-01:44:25.844519 ad4                Options.optimize_filters_for_hits: 0
2022/06/28-01:44:25.844527 ad4                Options.paranoid_file_checks: 0
2022/06/28-01:44:25.844534 ad4                Options.force_consistency_checks: 1
2022/06/28-01:44:25.844578 ad4                Options.report_bg_io_stats: 0
2022/06/28-01:44:25.844587 ad4                               Options.ttl: 2592000
2022/06/28-01:44:25.844595 ad4          Options.periodic_compaction_seconds: 0
2022/06/28-01:44:25.844602 ad4                       Options.enable_blob_files: false
2022/06/28-01:44:25.844609 ad4                           Options.min_blob_size: 0
2022/06/28-01:44:25.844616 ad4                          Options.blob_file_size: 268435456
2022/06/28-01:44:25.844624 ad4                   Options.blob_compression_type: NoCompression
2022/06/28-01:44:25.844630 ad4          Options.enable_blob_garbage_collection: false
2022/06/28-01:44:25.844638 ad4      Options.blob_garbage_collection_age_cutoff: 0.250000
2022/06/28-01:44:25.844645 ad4 Options.blob_garbage_collection_force_threshold: 1.000000
2022/06/28-01:44:25.855425 ad4 [db\version_set.cc:4896] Recovered from manifest file:D:\Hive\hivemq-4.8.0\data\persistence\client_events\040000_R\client_events_57/MANIFEST-000103 succeeded,manifest_file_number is 103, next_file_number is 105, last_sequence is 456, log_number is 99,prev_log_number is 0,max_column_family is 0,min_log_number_to_keep is 0
2022/06/28-01:44:25.855444 ad4 [db\version_set.cc:4905] Column family [default] (ID 0), log number is 99
2022/06/28-01:44:25.860829 ad4 [db\version_set.cc:4386] Creating manifest 107
2022/06/28-01:44:27.410068 ad4 EVENT_LOG_v1 {"time_micros": 1656369867410060, "job": 1, "event": "recovery_started", "wal_files": [104]}
2022/06/28-01:44:27.410079 ad4 [db\db_impl\db_impl_open.cc:878] Recovering log #104 mode 2
2022/06/28-01:44:27.621355 ad4 EVENT_LOG_v1 {"time_micros": 1656369867621315, "cf_name": "default", "job": 1, "event": "table_file_creation", "file_number": 108, "file_size": 1836, "file_checksum": "", "file_checksum_func_name": "Unknown", "table_properties": {"data_size": 0, "index_size": 13, "index_partitions": 0, "top_level_index_size": 0, "index_key_is_user_key": 1, "index_value_is_delta_encoded": 1, "filter_size": 0, "raw_key_size": 441, "raw_average_key_size": 21, "raw_value_size": 273, "raw_average_value_size": 13, "num_data_blocks": 0, "num_entries": 21, "num_filter_entries": 0, "num_deletions": 21, "num_merge_operands": 0, "num_range_deletions": 21, "format_version": 0, "fixed_key_len": 0, "filter_policy": "", "column_family_name": "default", "column_family_id": 0, "comparator": "leveldb.BytewiseComparator", "merge_operator": "StringAppendOperator", "prefix_extractor_name": "nullptr", "property_collectors": "[]", "compression": "Snappy", "compression_options": "window_bits=-14; level=32767; strategy=0; max_dict_bytes=0; zstd_max_train_bytes=0; enabled=0; max_dict_buffer_bytes=0; ", "creation_time": 1656369867, "oldest_key_time": 0, "file_creation_time": 0, "slow_compression_estimated_data_size": 0, "fast_compression_estimated_data_size": 0, "db_id": "8030338e-db3e-11ec-bbfc-0492261d99fd", "db_session_id": "WTU5DQ24EVCTR89QL84D", "orig_file_number": 108}}
2022/06/28-01:44:27.621422 ad4 [db\version_set.cc:4386] Creating manifest 109
2022/06/28-01:44:28.372875 ad4 EVENT_LOG_v1 {"time_micros": 1656369868372859, "job": 1, "event": "recovery_finished"}
2022/06/28-01:44:28.375533 ad4 [file\delete_scheduler.cc:77] Deleted file D:\Hive\hivemq-4.8.0\data\persistence\client_events\040000_R\client_events_57/000104.log immediately, rate_bytes_per_sec 0, total_trash_size 0 max_trash_db_ratio 0.250000
2022/06/28-01:44:28.739344 ad4 [db\db_impl\db_impl_open.cc:1787] SstFileManager instance 00000198555D8040
2022/06/28-01:44:28.739822 ad4 DB pointer 0000019857D72110
2022/06/28-01:45:00.012856 6910 [db\compaction\compaction_job.cc:2221] [default] [JOB 3] Compacting 4@0 files to L1, score 1.00
2022/06/28-01:45:00.012873 6910 [db\compaction\compaction_job.cc:2225] [default] Compaction start summary: Base version 3 Base level 0, inputs: [108(1836B) 102(1302B) 96(4460B) 90(6431B)]
2022/06/28-01:45:00.012900 6910 EVENT_LOG_v1 {"time_micros": 1656369900012883, "job": 3, "event": "compaction_started", "compaction_reason": "LevelL0FilesNum", "files_L0": [108, 102, 96, 90], "score": 1, "input_data_size": 14029}
2022/06/28-01:45:00.039390 6910 EVENT_LOG_v1 {"time_micros": 1656369900039352, "cf_name": "default", "job": 3, "event": "table_file_creation", "file_number": 0, "file_size": 0, "file_checksum": "", "file_checksum_func_name": "Unknown", "table_properties": {"data_size": 0, "index_size": 13, "index_partitions": 0, "top_level_index_size": 0, "index_key_is_user_key": 1, "index_value_is_delta_encoded": 1, "filter_size": 0, "raw_key_size": 0, "raw_average_key_size": 0, "raw_value_size": 0, "raw_average_value_size": 0, "num_data_blocks": 0, "num_entries": 0, "num_filter_entries": 0, "num_deletions": 0, "num_merge_operands": 0, "num_range_deletions": 0, "format_version": 0, "fixed_key_len": 0, "filter_policy": "", "column_family_name": "default", "column_family_id": 0, "comparator": "leveldb.BytewiseComparator", "merge_operator": "StringAppendOperator", "prefix_extractor_name": "nullptr", "property_collectors": "[]", "compression": "Snappy", "compression_options": "window_bits=-14; level=32767; strategy=0; max_dict_bytes=0; zstd_max_train_bytes=0; enabled=0; max_dict_buffer_bytes=0; ", "creation_time": 1656182780, "oldest_key_time": 0, "file_creation_time": 1656369900, "slow_compression_estimated_data_size": 0, "fast_compression_estimated_data_size": 0, "db_id": "8030338e-db3e-11ec-bbfc-0492261d99fd", "db_session_id": "WTU5DQ24EVCTR89QL84D", "orig_file_number": 113}}
2022/06/28-01:45:00.039429 6910 [db\compaction\compaction_job.cc:1898] [default] [JOB 3] Compacted 4@0 files to L1 => 959 bytes
2022/06/28-01:45:00.122434 6910 (Original Log Time 2022/06/28-01:45:00.122370) [db\compaction\compaction_job.cc:875] [default] compacted to: files[0 0 0 0 0 0 0] max score 0.00, MB/sec: 0.5 rd, 0.0 wr, level 1, files in(4, 0) out(0 +0 blob) MB in(0.0, 0.0 +0.0 blob) out(0.0 +0.0 blob), read-write-amplify(1.1) write-amplify(0.1) OK, records in: 247, records dropped: 247 output_compression: Snappy
2022/06/28-01:45:00.122456 6910 (Original Log Time 2022/06/28-01:45:00.122406) EVENT_LOG_v1 {"time_micros": 1656369900122384, "job": 3, "event": "compaction_finished", "compaction_time_micros": 26514, "compaction_time_cpu_micros": 0, "output_level": 1, "num_output_files": 0, "total_output_size": 959, "num_input_records": 247, "num_output_records": 0, "num_subcompactions": 1, "output_compression": "Snappy", "num_single_delete_mismatches": 0, "num_single_delete_fallthrough": 0, "lsm_state": [0, 0, 0, 0, 0, 0, 0]}
2022/06/28-01:45:00.122798 6910 [file\delete_scheduler.cc:77] Deleted file D:\Hive\hivemq-4.8.0\data\persistence\client_events\040000_R\client_events_57/000108.sst immediately, rate_bytes_per_sec 0, total_trash_size 0 max_trash_db_ratio 0.250000
2022/06/28-01:45:00.122850 6910 EVENT_LOG_v1 {"time_micros": 1656369900122840, "job": 3, "event": "table_file_deletion", "file_number": 108}
2022/06/28-01:45:00.123171 6910 [file\delete_scheduler.cc:77] Deleted file D:\Hive\hivemq-4.8.0\data\persistence\client_events\040000_R\client_events_57/000102.sst immediately, rate_bytes_per_sec 0, total_trash_size 0 max_trash_db_ratio 0.250000
2022/06/28-01:45:00.123205 6910 EVENT_LOG_v1 {"time_micros": 1656369900123196, "job": 3, "event": "table_file_deletion", "file_number": 102}
2022/06/28-01:45:00.123428 6910 [file\delete_scheduler.cc:77] Deleted file D:\Hive\hivemq-4.8.0\data\persistence\client_events\040000_R\client_events_57/000096.sst immediately, rate_bytes_per_sec 0, total_trash_size 0 max_trash_db_ratio 0.250000
2022/06/28-01:45:00.123448 6910 EVENT_LOG_v1 {"time_micros": 1656369900123443, "job": 3, "event": "table_file_deletion", "file_number": 96}
2022/06/28-01:45:00.123584 6910 [file\delete_scheduler.cc:77] Deleted file D:\Hive\hivemq-4.8.0\data\persistence\client_events\040000_R\client_events_57/000090.sst immediately, rate_bytes_per_sec 0, total_trash_size 0 max_trash_db_ratio 0.250000
2022/06/28-01:45:00.123599 6910 EVENT_LOG_v1 {"time_micros": 1656369900123595, "job": 3, "event": "table_file_deletion", "file_number": 90}
