2022/06/28-01:44:22.623605 4b38 RocksDB version: 6.26.1
2022/06/28-01:44:22.623655 4b38 Git sha 4d57a393a8f1563c0dff1ff468756c23d89e3601
2022/06/28-01:44:22.623673 4b38 Compile date 2021-11-22 13:08:56
2022/06/28-01:44:22.623685 4b38 DB SUMMARY
2022/06/28-01:44:22.623696 4b38 DB Session ID:  WTU5DQ24EVCTR89QL857
2022/06/28-01:44:22.625104 4b38 CURRENT file:  CURRENT
2022/06/28-01:44:22.625131 4b38 IDENTITY file:  IDENTITY
2022/06/28-01:44:22.625232 4b38 MANIFEST file:  MANIFEST-000103 size: 285 Bytes
2022/06/28-01:44:22.625260 4b38 SST files in D:\Hive\hivemq-4.8.0\data\persistence\client_events\040000_R\client_events_30 dir, Total Num: 3, files: 000090.sst 000096.sst 000102.sst 
2022/06/28-01:44:22.625283 4b38 Write Ahead Log file in D:\Hive\hivemq-4.8.0\data\persistence\client_events\040000_R\client_events_30: 000104.log size: 1008 ; 
2022/06/28-01:44:22.839856 4b38                         Options.error_if_exists: 0
2022/06/28-01:44:22.840157 4b38                       Options.create_if_missing: 1
2022/06/28-01:44:22.840167 4b38                         Options.paranoid_checks: 1
2022/06/28-01:44:22.840174 4b38             Options.flush_verify_memtable_count: 1
2022/06/28-01:44:22.840181 4b38                               Options.track_and_verify_wals_in_manifest: 0
2022/06/28-01:44:22.840230 4b38                                     Options.env: 000001985551AEC0
2022/06/28-01:44:22.840237 4b38                                      Options.fs: WinFS
2022/06/28-01:44:22.840245 4b38                                Options.info_log: 0000019857896F00
2022/06/28-01:44:22.840252 4b38                Options.max_file_opening_threads: 16
2022/06/28-01:44:22.840258 4b38                              Options.statistics: 0000019855238810
2022/06/28-01:44:22.840265 4b38                               Options.use_fsync: 0
2022/06/28-01:44:22.840273 4b38                       Options.max_log_file_size: 512000
2022/06/28-01:44:22.840280 4b38                  Options.max_manifest_file_size: 1073741824
2022/06/28-01:44:22.840287 4b38                   Options.log_file_time_to_roll: 0
2022/06/28-01:44:22.840294 4b38                       Options.keep_log_file_num: 2
2022/06/28-01:44:22.840301 4b38                    Options.recycle_log_file_num: 0
2022/06/28-01:44:22.840307 4b38                         Options.allow_fallocate: 1
2022/06/28-01:44:22.840314 4b38                        Options.allow_mmap_reads: 0
2022/06/28-01:44:22.840328 4b38                       Options.allow_mmap_writes: 0
2022/06/28-01:44:22.840335 4b38                        Options.use_direct_reads: 0
2022/06/28-01:44:22.840343 4b38                        Options.use_direct_io_for_flush_and_compaction: 0
2022/06/28-01:44:22.840351 4b38          Options.create_missing_column_families: 0
2022/06/28-01:44:22.840359 4b38                              Options.db_log_dir: 
2022/06/28-01:44:22.840367 4b38                                 Options.wal_dir: 
2022/06/28-01:44:22.840375 4b38                Options.table_cache_numshardbits: 6
2022/06/28-01:44:22.840383 4b38                         Options.WAL_ttl_seconds: 0
2022/06/28-01:44:22.840390 4b38                       Options.WAL_size_limit_MB: 0
2022/06/28-01:44:22.840398 4b38                        Options.max_write_batch_group_size_bytes: 1048576
2022/06/28-01:44:22.840407 4b38             Options.manifest_preallocation_size: 4194304
2022/06/28-01:44:22.840415 4b38                     Options.is_fd_close_on_exec: 1
2022/06/28-01:44:22.840422 4b38                   Options.advise_random_on_open: 1
2022/06/28-01:44:22.840430 4b38                   Options.experimental_mempurge_threshold: 0.000000
2022/06/28-01:44:22.840439 4b38                    Options.db_write_buffer_size: 0
2022/06/28-01:44:22.840447 4b38                    Options.write_buffer_manager: 0000019855CE82D0
2022/06/28-01:44:22.840455 4b38         Options.access_hint_on_compaction_start: 1
2022/06/28-01:44:22.840462 4b38  Options.new_table_reader_for_compaction_inputs: 0
2022/06/28-01:44:22.840471 4b38           Options.random_access_max_buffer_size: 1048576
2022/06/28-01:44:22.840478 4b38                      Options.use_adaptive_mutex: 0
2022/06/28-01:44:22.840512 4b38                            Options.rate_limiter: 0000000000000000
2022/06/28-01:44:22.840523 4b38     Options.sst_file_manager.rate_bytes_per_sec: 0
2022/06/28-01:44:22.840531 4b38                       Options.wal_recovery_mode: 2
2022/06/28-01:44:22.840538 4b38                  Options.enable_thread_tracking: 0
2022/06/28-01:44:22.840546 4b38                  Options.enable_pipelined_write: 0
2022/06/28-01:44:22.840553 4b38                  Options.unordered_write: 0
2022/06/28-01:44:22.840561 4b38         Options.allow_concurrent_memtable_write: 1
2022/06/28-01:44:22.840569 4b38      Options.enable_write_thread_adaptive_yield: 1
2022/06/28-01:44:22.840576 4b38             Options.write_thread_max_yield_usec: 100
2022/06/28-01:44:22.840583 4b38            Options.write_thread_slow_yield_usec: 3
2022/06/28-01:44:22.840589 4b38                               Options.row_cache: None
2022/06/28-01:44:22.840594 4b38                              Options.wal_filter: None
2022/06/28-01:44:22.840600 4b38             Options.avoid_flush_during_recovery: 0
2022/06/28-01:44:22.840605 4b38             Options.allow_ingest_behind: 0
2022/06/28-01:44:22.840610 4b38             Options.preserve_deletes: 0
2022/06/28-01:44:22.840615 4b38             Options.two_write_queues: 0
2022/06/28-01:44:22.840621 4b38             Options.manual_wal_flush: 0
2022/06/28-01:44:22.840655 4b38             Options.atomic_flush: 0
2022/06/28-01:44:22.840662 4b38             Options.avoid_unnecessary_blocking_io: 0
2022/06/28-01:44:22.840668 4b38                 Options.persist_stats_to_disk: 0
2022/06/28-01:44:22.840674 4b38                 Options.write_dbid_to_manifest: 0
2022/06/28-01:44:22.840680 4b38                 Options.log_readahead_size: 0
2022/06/28-01:44:22.840686 4b38                 Options.file_checksum_gen_factory: Unknown
2022/06/28-01:44:22.840693 4b38                 Options.best_efforts_recovery: 0
2022/06/28-01:44:22.840700 4b38                Options.max_bgerror_resume_count: 2147483647
2022/06/28-01:44:22.840706 4b38            Options.bgerror_resume_retry_interval: 1000000
2022/06/28-01:44:22.840713 4b38             Options.allow_data_in_errors: 0
2022/06/28-01:44:22.840720 4b38             Options.db_host_id: __hostname__
2022/06/28-01:44:22.840725 4b38             Options.max_background_jobs: 2
2022/06/28-01:44:22.840731 4b38             Options.max_background_compactions: -1
2022/06/28-01:44:22.840736 4b38             Options.max_subcompactions: 1
2022/06/28-01:44:22.840741 4b38             Options.avoid_flush_during_shutdown: 0
2022/06/28-01:44:22.840747 4b38           Options.writable_file_max_buffer_size: 1048576
2022/06/28-01:44:22.840753 4b38             Options.delayed_write_rate : 16777216
2022/06/28-01:44:22.840758 4b38             Options.max_total_wal_size: 0
2022/06/28-01:44:22.840764 4b38             Options.delete_obsolete_files_period_micros: 21600000000
2022/06/28-01:44:22.840769 4b38                   Options.stats_dump_period_sec: 0
2022/06/28-01:44:22.840775 4b38                 Options.stats_persist_period_sec: 0
2022/06/28-01:44:22.840781 4b38                 Options.stats_history_buffer_size: 65536
2022/06/28-01:44:22.840787 4b38                          Options.max_open_files: -1
2022/06/28-01:44:22.840793 4b38                          Options.bytes_per_sync: 0
2022/06/28-01:44:22.840798 4b38                      Options.wal_bytes_per_sync: 0
2022/06/28-01:44:22.840803 4b38                   Options.strict_bytes_per_sync: 0
2022/06/28-01:44:22.840809 4b38       Options.compaction_readahead_size: 0
2022/06/28-01:44:22.840815 4b38                  Options.max_background_flushes: -1
2022/06/28-01:44:22.840820 4b38 Compression algorithms supported:
2022/06/28-01:44:22.840825 4b38 	kZSTD supported: 1
2022/06/28-01:44:22.840831 4b38 	kSnappyCompression supported: 1
2022/06/28-01:44:22.840837 4b38 	kBZip2Compression supported: 0
2022/06/28-01:44:22.840845 4b38 	kZlibCompression supported: 1
2022/06/28-01:44:22.840851 4b38 	kLZ4Compression supported: 1
2022/06/28-01:44:22.840886 4b38 	kXpressCompression supported: 0
2022/06/28-01:44:22.840893 4b38 	kLZ4HCCompression supported: 1
2022/06/28-01:44:22.840898 4b38 	kZSTDNotFinalCompression supported: 1
2022/06/28-01:44:22.840905 4b38 Fast CRC32 supported: Supported on x86
2022/06/28-01:44:22.844752 4b38 [db\version_set.cc:4848] Recovering from manifest file: D:\Hive\hivemq-4.8.0\data\persistence\client_events\040000_R\client_events_30/MANIFEST-000103
2022/06/28-01:44:22.849871 4b38 [db\column_family.cc:611] --------------- Options for column family [default]:
2022/06/28-01:44:22.849887 4b38               Options.comparator: leveldb.BytewiseComparator
2022/06/28-01:44:22.849895 4b38           Options.merge_operator: StringAppendOperator
2022/06/28-01:44:22.849902 4b38        Options.compaction_filter: None
2022/06/28-01:44:22.849909 4b38        Options.compaction_filter_factory: None
2022/06/28-01:44:22.849915 4b38  Options.sst_partitioner_factory: None
2022/06/28-01:44:22.849921 4b38         Options.memtable_factory: SkipListFactory
2022/06/28-01:44:22.849929 4b38            Options.table_factory: BlockBasedTable
2022/06/28-01:44:22.849986 4b38            table_factory options:   flush_block_policy_factory: FlushBlockBySizePolicyFactory (0000019855231E30)
  cache_index_and_filter_blocks: 0
  cache_index_and_filter_blocks_with_high_priority: 1
  pin_l0_filter_and_index_blocks_in_cache: 0
  pin_top_level_index_and_filter: 1
  index_type: 0
  data_block_index_type: 0
  index_shortening: 1
  data_block_hash_table_util_ratio: 0.750000
  hash_index_allow_collision: 1
  checksum: 1
  no_block_cache: 0
  block_cache: 0000019855CBD490
  block_cache_name: LRUCache
  block_cache_options:
    capacity : 133005760
    num_shard_bits : 6
    strict_capacity_limit : 0
    memory_allocator : None
    high_pri_pool_ratio: 0.000
  block_cache_compressed: 0000000000000000
  persistent_cache: 0000000000000000
  block_size: 32768
  block_size_deviation: 10
  block_restart_interval: 16
  index_block_restart_interval: 1
  metadata_block_size: 4096
  partition_filters: 0
  use_delta_encoding: 1
  filter_policy: nullptr
  whole_key_filtering: 1
  verify_compression: 0
  read_amp_bytes_per_bit: 0
  format_version: 5
  enable_index_compression: 1
  block_align: 0
  max_auto_readahead_size: 262144
  prepopulate_block_cache: 0
2022/06/28-01:44:22.849996 4b38        Options.write_buffer_size: 2078215
2022/06/28-01:44:22.850003 4b38  Options.max_write_buffer_number: 2
2022/06/28-01:44:22.850011 4b38          Options.compression: Snappy
2022/06/28-01:44:22.850017 4b38                  Options.bottommost_compression: Disabled
2022/06/28-01:44:22.850025 4b38       Options.prefix_extractor: nullptr
2022/06/28-01:44:22.850032 4b38   Options.memtable_insert_with_hint_prefix_extractor: nullptr
2022/06/28-01:44:22.850039 4b38             Options.num_levels: 7
2022/06/28-01:44:22.850046 4b38        Options.min_write_buffer_number_to_merge: 1
2022/06/28-01:44:22.850054 4b38     Options.max_write_buffer_number_to_maintain: 0
2022/06/28-01:44:22.850061 4b38     Options.max_write_buffer_size_to_maintain: 0
2022/06/28-01:44:22.850068 4b38            Options.bottommost_compression_opts.window_bits: -14
2022/06/28-01:44:22.850076 4b38                  Options.bottommost_compression_opts.level: 32767
2022/06/28-01:44:22.850083 4b38               Options.bottommost_compression_opts.strategy: 0
2022/06/28-01:44:22.850091 4b38         Options.bottommost_compression_opts.max_dict_bytes: 0
2022/06/28-01:44:22.850098 4b38         Options.bottommost_compression_opts.zstd_max_train_bytes: 0
2022/06/28-01:44:22.850105 4b38         Options.bottommost_compression_opts.parallel_threads: 1
2022/06/28-01:44:22.850113 4b38                  Options.bottommost_compression_opts.enabled: false
2022/06/28-01:44:22.850120 4b38         Options.bottommost_compression_opts.max_dict_buffer_bytes: 0
2022/06/28-01:44:22.850126 4b38            Options.compression_opts.window_bits: -14
2022/06/28-01:44:22.850146 4b38                  Options.compression_opts.level: 32767
2022/06/28-01:44:22.850157 4b38               Options.compression_opts.strategy: 0
2022/06/28-01:44:22.850168 4b38         Options.compression_opts.max_dict_bytes: 0
2022/06/28-01:44:22.850176 4b38         Options.compression_opts.zstd_max_train_bytes: 0
2022/06/28-01:44:22.850184 4b38         Options.compression_opts.parallel_threads: 1
2022/06/28-01:44:22.850193 4b38                  Options.compression_opts.enabled: false
2022/06/28-01:44:22.850200 4b38         Options.compression_opts.max_dict_buffer_bytes: 0
2022/06/28-01:44:22.850210 4b38      Options.level0_file_num_compaction_trigger: 4
2022/06/28-01:44:22.850218 4b38          Options.level0_slowdown_writes_trigger: 20
2022/06/28-01:44:22.850228 4b38              Options.level0_stop_writes_trigger: 36
2022/06/28-01:44:22.850237 4b38                   Options.target_file_size_base: 67108864
2022/06/28-01:44:22.850246 4b38             Options.target_file_size_multiplier: 1
2022/06/28-01:44:22.850254 4b38                Options.max_bytes_for_level_base: 268435456
2022/06/28-01:44:22.850262 4b38 Options.level_compaction_dynamic_level_bytes: 0
2022/06/28-01:44:22.850270 4b38          Options.max_bytes_for_level_multiplier: 10.000000
2022/06/28-01:44:22.850280 4b38 Options.max_bytes_for_level_multiplier_addtl[0]: 1
2022/06/28-01:44:22.850290 4b38 Options.max_bytes_for_level_multiplier_addtl[1]: 1
2022/06/28-01:44:22.850297 4b38 Options.max_bytes_for_level_multiplier_addtl[2]: 1
2022/06/28-01:44:22.850303 4b38 Options.max_bytes_for_level_multiplier_addtl[3]: 1
2022/06/28-01:44:22.850310 4b38 Options.max_bytes_for_level_multiplier_addtl[4]: 1
2022/06/28-01:44:22.850317 4b38 Options.max_bytes_for_level_multiplier_addtl[5]: 1
2022/06/28-01:44:22.850324 4b38 Options.max_bytes_for_level_multiplier_addtl[6]: 1
2022/06/28-01:44:22.850330 4b38       Options.max_sequential_skip_in_iterations: 8
2022/06/28-01:44:22.850338 4b38                    Options.max_compaction_bytes: 1677721600
2022/06/28-01:44:22.850345 4b38                        Options.arena_block_size: 262144
2022/06/28-01:44:22.850352 4b38   Options.soft_pending_compaction_bytes_limit: 68719476736
2022/06/28-01:44:22.850359 4b38   Options.hard_pending_compaction_bytes_limit: 274877906944
2022/06/28-01:44:22.850366 4b38       Options.rate_limit_delay_max_milliseconds: 100
2022/06/28-01:44:22.850372 4b38                Options.disable_auto_compactions: 0
2022/06/28-01:44:22.850380 4b38                        Options.compaction_style: kCompactionStyleLevel
2022/06/28-01:44:22.850388 4b38                          Options.compaction_pri: kMinOverlappingRatio
2022/06/28-01:44:22.850398 4b38 Options.compaction_options_universal.size_ratio: 1
2022/06/28-01:44:22.850408 4b38 Options.compaction_options_universal.min_merge_width: 2
2022/06/28-01:44:22.850416 4b38 Options.compaction_options_universal.max_merge_width: 4294967295
2022/06/28-01:44:22.850424 4b38 Options.compaction_options_universal.max_size_amplification_percent: 200
2022/06/28-01:44:22.850431 4b38 Options.compaction_options_universal.compression_size_percent: -1
2022/06/28-01:44:22.850446 4b38 Options.compaction_options_universal.stop_style: kCompactionStopStyleTotalSize
2022/06/28-01:44:22.850452 4b38 Options.compaction_options_fifo.max_table_files_size: 1073741824
2022/06/28-01:44:22.850457 4b38 Options.compaction_options_fifo.allow_compaction: 0
2022/06/28-01:44:22.850463 4b38                   Options.table_properties_collectors: 
2022/06/28-01:44:22.850469 4b38                   Options.inplace_update_support: 0
2022/06/28-01:44:22.850473 4b38                 Options.inplace_update_num_locks: 10000
2022/06/28-01:44:22.850479 4b38               Options.memtable_prefix_bloom_size_ratio: 0.000000
2022/06/28-01:44:22.850484 4b38               Options.memtable_whole_key_filtering: 0
2022/06/28-01:44:22.850488 4b38   Options.memtable_huge_page_size: 0
2022/06/28-01:44:22.850493 4b38                           Options.bloom_locality: 0
2022/06/28-01:44:22.850498 4b38                    Options.max_successive_merges: 0
2022/06/28-01:44:22.850502 4b38                Options.optimize_filters_for_hits: 0
2022/06/28-01:44:22.850540 4b38                Options.paranoid_file_checks: 0
2022/06/28-01:44:22.850547 4b38                Options.force_consistency_checks: 1
2022/06/28-01:44:22.850552 4b38                Options.report_bg_io_stats: 0
2022/06/28-01:44:22.850557 4b38                               Options.ttl: 2592000
2022/06/28-01:44:22.850562 4b38          Options.periodic_compaction_seconds: 0
2022/06/28-01:44:22.850566 4b38                       Options.enable_blob_files: false
2022/06/28-01:44:22.850571 4b38                           Options.min_blob_size: 0
2022/06/28-01:44:22.850576 4b38                          Options.blob_file_size: 268435456
2022/06/28-01:44:22.850581 4b38                   Options.blob_compression_type: NoCompression
2022/06/28-01:44:22.850586 4b38          Options.enable_blob_garbage_collection: false
2022/06/28-01:44:22.850591 4b38      Options.blob_garbage_collection_age_cutoff: 0.250000
2022/06/28-01:44:22.850597 4b38 Options.blob_garbage_collection_force_threshold: 1.000000
2022/06/28-01:44:23.096064 4b38 [db\version_set.cc:4896] Recovered from manifest file:D:\Hive\hivemq-4.8.0\data\persistence\client_events\040000_R\client_events_30/MANIFEST-000103 succeeded,manifest_file_number is 103, next_file_number is 105, last_sequence is 456, log_number is 99,prev_log_number is 0,max_column_family is 0,min_log_number_to_keep is 0
2022/06/28-01:44:23.096082 4b38 [db\version_set.cc:4905] Column family [default] (ID 0), log number is 99
2022/06/28-01:44:23.102002 4b38 [db\version_set.cc:4386] Creating manifest 107
2022/06/28-01:44:23.434267 4b38 EVENT_LOG_v1 {"time_micros": 1656369863434241, "job": 1, "event": "recovery_started", "wal_files": [104]}
2022/06/28-01:44:23.434281 4b38 [db\db_impl\db_impl_open.cc:878] Recovering log #104 mode 2
2022/06/28-01:44:23.915945 4b38 EVENT_LOG_v1 {"time_micros": 1656369863915884, "cf_name": "default", "job": 1, "event": "table_file_creation", "file_number": 108, "file_size": 1836, "file_checksum": "", "file_checksum_func_name": "Unknown", "table_properties": {"data_size": 0, "index_size": 13, "index_partitions": 0, "top_level_index_size": 0, "index_key_is_user_key": 1, "index_value_is_delta_encoded": 1, "filter_size": 0, "raw_key_size": 441, "raw_average_key_size": 21, "raw_value_size": 273, "raw_average_value_size": 13, "num_data_blocks": 0, "num_entries": 21, "num_filter_entries": 0, "num_deletions": 21, "num_merge_operands": 0, "num_range_deletions": 21, "format_version": 0, "fixed_key_len": 0, "filter_policy": "", "column_family_name": "default", "column_family_id": 0, "comparator": "leveldb.BytewiseComparator", "merge_operator": "StringAppendOperator", "prefix_extractor_name": "nullptr", "property_collectors": "[]", "compression": "Snappy", "compression_options": "window_bits=-14; level=32767; strategy=0; max_dict_bytes=0; zstd_max_train_bytes=0; enabled=0; max_dict_buffer_bytes=0; ", "creation_time": 1656369863, "oldest_key_time": 0, "file_creation_time": 0, "slow_compression_estimated_data_size": 0, "fast_compression_estimated_data_size": 0, "db_id": "80303371-db3e-11ec-bbfc-0492261d99fd", "db_session_id": "WTU5DQ24EVCTR89QL857", "orig_file_number": 108}}
2022/06/28-01:44:23.916007 4b38 [db\version_set.cc:4386] Creating manifest 109
2022/06/28-01:44:24.976485 4b38 EVENT_LOG_v1 {"time_micros": 1656369864976473, "job": 1, "event": "recovery_finished"}
2022/06/28-01:44:25.045509 4b38 [file\delete_scheduler.cc:77] Deleted file D:\Hive\hivemq-4.8.0\data\persistence\client_events\040000_R\client_events_30/000104.log immediately, rate_bytes_per_sec 0, total_trash_size 0 max_trash_db_ratio 0.250000
2022/06/28-01:44:25.593979 4b38 [db\db_impl\db_impl_open.cc:1787] SstFileManager instance 000001985756EA60
2022/06/28-01:44:25.597295 4b38 DB pointer 00000198573C9330
2022/06/28-01:44:51.727969 6910 [db\compaction\compaction_job.cc:2221] [default] [JOB 3] Compacting 4@0 files to L1, score 1.00
2022/06/28-01:44:51.727981 6910 [db\compaction\compaction_job.cc:2225] [default] Compaction start summary: Base version 3 Base level 0, inputs: [108(1836B) 102(1302B) 96(4460B) 90(6431B)]
2022/06/28-01:44:51.727998 6910 EVENT_LOG_v1 {"time_micros": 1656369891727988, "job": 3, "event": "compaction_started", "compaction_reason": "LevelL0FilesNum", "files_L0": [108, 102, 96, 90], "score": 1, "input_data_size": 14029}
2022/06/28-01:44:52.065111 6910 EVENT_LOG_v1 {"time_micros": 1656369892065069, "cf_name": "default", "job": 3, "event": "table_file_creation", "file_number": 0, "file_size": 0, "file_checksum": "", "file_checksum_func_name": "Unknown", "table_properties": {"data_size": 0, "index_size": 13, "index_partitions": 0, "top_level_index_size": 0, "index_key_is_user_key": 1, "index_value_is_delta_encoded": 1, "filter_size": 0, "raw_key_size": 0, "raw_average_key_size": 0, "raw_value_size": 0, "raw_average_value_size": 0, "num_data_blocks": 0, "num_entries": 0, "num_filter_entries": 0, "num_deletions": 0, "num_merge_operands": 0, "num_range_deletions": 0, "format_version": 0, "fixed_key_len": 0, "filter_policy": "", "column_family_name": "default", "column_family_id": 0, "comparator": "leveldb.BytewiseComparator", "merge_operator": "StringAppendOperator", "prefix_extractor_name": "nullptr", "property_collectors": "[]", "compression": "Snappy", "compression_options": "window_bits=-14; level=32767; strategy=0; max_dict_bytes=0; zstd_max_train_bytes=0; enabled=0; max_dict_buffer_bytes=0; ", "creation_time": 1656182768, "oldest_key_time": 0, "file_creation_time": 1656369891, "slow_compression_estimated_data_size": 0, "fast_compression_estimated_data_size": 0, "db_id": "80303371-db3e-11ec-bbfc-0492261d99fd", "db_session_id": "WTU5DQ24EVCTR89QL857", "orig_file_number": 113}}
2022/06/28-01:44:52.065153 6910 [db\compaction\compaction_job.cc:1898] [default] [JOB 3] Compacted 4@0 files to L1 => 959 bytes
2022/06/28-01:44:52.455002 6910 (Original Log Time 2022/06/28-01:44:52.454935) [db\compaction\compaction_job.cc:875] [default] compacted to: files[0 0 0 0 0 0 0] max score 0.00, MB/sec: 0.0 rd, 0.0 wr, level 1, files in(4, 0) out(0 +0 blob) MB in(0.0, 0.0 +0.0 blob) out(0.0 +0.0 blob), read-write-amplify(1.1) write-amplify(0.1) OK, records in: 247, records dropped: 247 output_compression: Snappy
2022/06/28-01:44:52.455023 6910 (Original Log Time 2022/06/28-01:44:52.454971) EVENT_LOG_v1 {"time_micros": 1656369892454949, "job": 3, "event": "compaction_finished", "compaction_time_micros": 337142, "compaction_time_cpu_micros": 0, "output_level": 1, "num_output_files": 0, "total_output_size": 959, "num_input_records": 247, "num_output_records": 0, "num_subcompactions": 1, "output_compression": "Snappy", "num_single_delete_mismatches": 0, "num_single_delete_fallthrough": 0, "lsm_state": [0, 0, 0, 0, 0, 0, 0]}
2022/06/28-01:44:52.455260 6910 [file\delete_scheduler.cc:77] Deleted file D:\Hive\hivemq-4.8.0\data\persistence\client_events\040000_R\client_events_30/000108.sst immediately, rate_bytes_per_sec 0, total_trash_size 0 max_trash_db_ratio 0.250000
2022/06/28-01:44:52.455276 6910 EVENT_LOG_v1 {"time_micros": 1656369892455271, "job": 3, "event": "table_file_deletion", "file_number": 108}
2022/06/28-01:44:52.455424 6910 [file\delete_scheduler.cc:77] Deleted file D:\Hive\hivemq-4.8.0\data\persistence\client_events\040000_R\client_events_30/000102.sst immediately, rate_bytes_per_sec 0, total_trash_size 0 max_trash_db_ratio 0.250000
2022/06/28-01:44:52.455439 6910 EVENT_LOG_v1 {"time_micros": 1656369892455435, "job": 3, "event": "table_file_deletion", "file_number": 102}
2022/06/28-01:44:52.455565 6910 [file\delete_scheduler.cc:77] Deleted file D:\Hive\hivemq-4.8.0\data\persistence\client_events\040000_R\client_events_30/000096.sst immediately, rate_bytes_per_sec 0, total_trash_size 0 max_trash_db_ratio 0.250000
2022/06/28-01:44:52.455579 6910 EVENT_LOG_v1 {"time_micros": 1656369892455575, "job": 3, "event": "table_file_deletion", "file_number": 96}
2022/06/28-01:44:52.455703 6910 [file\delete_scheduler.cc:77] Deleted file D:\Hive\hivemq-4.8.0\data\persistence\client_events\040000_R\client_events_30/000090.sst immediately, rate_bytes_per_sec 0, total_trash_size 0 max_trash_db_ratio 0.250000
2022/06/28-01:44:52.455719 6910 EVENT_LOG_v1 {"time_micros": 1656369892455715, "job": 3, "event": "table_file_deletion", "file_number": 90}
