2022/06/28-01:44:21.402954 6a40 RocksDB version: 6.26.1
2022/06/28-01:44:21.403000 6a40 Git sha 4d57a393a8f1563c0dff1ff468756c23d89e3601
2022/06/28-01:44:21.403016 6a40 Compile date 2021-11-22 13:08:56
2022/06/28-01:44:21.403028 6a40 DB SUMMARY
2022/06/28-01:44:21.403044 6a40 DB Session ID:  WTU5DQ24EVCTR89QL84P
2022/06/28-01:44:21.406407 6a40 CURRENT file:  CURRENT
2022/06/28-01:44:21.406432 6a40 IDENTITY file:  IDENTITY
2022/06/28-01:44:21.406610 6a40 MANIFEST file:  MANIFEST-000103 size: 281 Bytes
2022/06/28-01:44:21.406631 6a40 SST files in D:\Hive\hivemq-4.8.0\data\persistence\client_events\040000_R\client_events_14 dir, Total Num: 3, files: 000090.sst 000096.sst 000102.sst 
2022/06/28-01:44:21.406647 6a40 Write Ahead Log file in D:\Hive\hivemq-4.8.0\data\persistence\client_events\040000_R\client_events_14: 000104.log size: 1008 ; 
2022/06/28-01:44:21.419761 6a40                         Options.error_if_exists: 0
2022/06/28-01:44:21.419771 6a40                       Options.create_if_missing: 1
2022/06/28-01:44:21.419778 6a40                         Options.paranoid_checks: 1
2022/06/28-01:44:21.419784 6a40             Options.flush_verify_memtable_count: 1
2022/06/28-01:44:21.419792 6a40                               Options.track_and_verify_wals_in_manifest: 0
2022/06/28-01:44:21.419799 6a40                                     Options.env: 000001985551AEC0
2022/06/28-01:44:21.419807 6a40                                      Options.fs: WinFS
2022/06/28-01:44:21.419814 6a40                                Options.info_log: 0000019857899AE0
2022/06/28-01:44:21.419821 6a40                Options.max_file_opening_threads: 16
2022/06/28-01:44:21.419828 6a40                              Options.statistics: 0000019855238810
2022/06/28-01:44:21.419835 6a40                               Options.use_fsync: 0
2022/06/28-01:44:21.419843 6a40                       Options.max_log_file_size: 512000
2022/06/28-01:44:21.419850 6a40                  Options.max_manifest_file_size: 1073741824
2022/06/28-01:44:21.419857 6a40                   Options.log_file_time_to_roll: 0
2022/06/28-01:44:21.419865 6a40                       Options.keep_log_file_num: 2
2022/06/28-01:44:21.419873 6a40                    Options.recycle_log_file_num: 0
2022/06/28-01:44:21.419880 6a40                         Options.allow_fallocate: 1
2022/06/28-01:44:21.419887 6a40                        Options.allow_mmap_reads: 0
2022/06/28-01:44:21.419895 6a40                       Options.allow_mmap_writes: 0
2022/06/28-01:44:21.419902 6a40                        Options.use_direct_reads: 0
2022/06/28-01:44:21.419910 6a40                        Options.use_direct_io_for_flush_and_compaction: 0
2022/06/28-01:44:21.419917 6a40          Options.create_missing_column_families: 0
2022/06/28-01:44:21.419924 6a40                              Options.db_log_dir: 
2022/06/28-01:44:21.419931 6a40                                 Options.wal_dir: 
2022/06/28-01:44:21.419939 6a40                Options.table_cache_numshardbits: 6
2022/06/28-01:44:21.419946 6a40                         Options.WAL_ttl_seconds: 0
2022/06/28-01:44:21.419953 6a40                       Options.WAL_size_limit_MB: 0
2022/06/28-01:44:21.419961 6a40                        Options.max_write_batch_group_size_bytes: 1048576
2022/06/28-01:44:21.419968 6a40             Options.manifest_preallocation_size: 4194304
2022/06/28-01:44:21.419975 6a40                     Options.is_fd_close_on_exec: 1
2022/06/28-01:44:21.419982 6a40                   Options.advise_random_on_open: 1
2022/06/28-01:44:21.419989 6a40                   Options.experimental_mempurge_threshold: 0.000000
2022/06/28-01:44:21.419996 6a40                    Options.db_write_buffer_size: 0
2022/06/28-01:44:21.420003 6a40                    Options.write_buffer_manager: 00000198556EC030
2022/06/28-01:44:21.420011 6a40         Options.access_hint_on_compaction_start: 1
2022/06/28-01:44:21.420018 6a40  Options.new_table_reader_for_compaction_inputs: 0
2022/06/28-01:44:21.420025 6a40           Options.random_access_max_buffer_size: 1048576
2022/06/28-01:44:21.420033 6a40                      Options.use_adaptive_mutex: 0
2022/06/28-01:44:21.420067 6a40                            Options.rate_limiter: 0000000000000000
2022/06/28-01:44:21.420077 6a40     Options.sst_file_manager.rate_bytes_per_sec: 0
2022/06/28-01:44:21.420084 6a40                       Options.wal_recovery_mode: 2
2022/06/28-01:44:21.420091 6a40                  Options.enable_thread_tracking: 0
2022/06/28-01:44:21.420100 6a40                  Options.enable_pipelined_write: 0
2022/06/28-01:44:21.420107 6a40                  Options.unordered_write: 0
2022/06/28-01:44:21.420115 6a40         Options.allow_concurrent_memtable_write: 1
2022/06/28-01:44:21.420123 6a40      Options.enable_write_thread_adaptive_yield: 1
2022/06/28-01:44:21.420131 6a40             Options.write_thread_max_yield_usec: 100
2022/06/28-01:44:21.420139 6a40            Options.write_thread_slow_yield_usec: 3
2022/06/28-01:44:21.420147 6a40                               Options.row_cache: None
2022/06/28-01:44:21.420154 6a40                              Options.wal_filter: None
2022/06/28-01:44:21.420163 6a40             Options.avoid_flush_during_recovery: 0
2022/06/28-01:44:21.420170 6a40             Options.allow_ingest_behind: 0
2022/06/28-01:44:21.420179 6a40             Options.preserve_deletes: 0
2022/06/28-01:44:21.420186 6a40             Options.two_write_queues: 0
2022/06/28-01:44:21.420193 6a40             Options.manual_wal_flush: 0
2022/06/28-01:44:21.420201 6a40             Options.atomic_flush: 0
2022/06/28-01:44:21.420209 6a40             Options.avoid_unnecessary_blocking_io: 0
2022/06/28-01:44:21.420217 6a40                 Options.persist_stats_to_disk: 0
2022/06/28-01:44:21.420225 6a40                 Options.write_dbid_to_manifest: 0
2022/06/28-01:44:21.420233 6a40                 Options.log_readahead_size: 0
2022/06/28-01:44:21.420241 6a40                 Options.file_checksum_gen_factory: Unknown
2022/06/28-01:44:21.420248 6a40                 Options.best_efforts_recovery: 0
2022/06/28-01:44:21.420255 6a40                Options.max_bgerror_resume_count: 2147483647
2022/06/28-01:44:21.420264 6a40            Options.bgerror_resume_retry_interval: 1000000
2022/06/28-01:44:21.420271 6a40             Options.allow_data_in_errors: 0
2022/06/28-01:44:21.420279 6a40             Options.db_host_id: __hostname__
2022/06/28-01:44:21.420286 6a40             Options.max_background_jobs: 2
2022/06/28-01:44:21.420293 6a40             Options.max_background_compactions: -1
2022/06/28-01:44:21.420303 6a40             Options.max_subcompactions: 1
2022/06/28-01:44:21.420309 6a40             Options.avoid_flush_during_shutdown: 0
2022/06/28-01:44:21.420315 6a40           Options.writable_file_max_buffer_size: 1048576
2022/06/28-01:44:21.420321 6a40             Options.delayed_write_rate : 16777216
2022/06/28-01:44:21.420328 6a40             Options.max_total_wal_size: 0
2022/06/28-01:44:21.420337 6a40             Options.delete_obsolete_files_period_micros: 21600000000
2022/06/28-01:44:21.420345 6a40                   Options.stats_dump_period_sec: 0
2022/06/28-01:44:21.420354 6a40                 Options.stats_persist_period_sec: 0
2022/06/28-01:44:21.420360 6a40                 Options.stats_history_buffer_size: 65536
2022/06/28-01:44:21.420367 6a40                          Options.max_open_files: -1
2022/06/28-01:44:21.420375 6a40                          Options.bytes_per_sync: 0
2022/06/28-01:44:21.420383 6a40                      Options.wal_bytes_per_sync: 0
2022/06/28-01:44:21.420391 6a40                   Options.strict_bytes_per_sync: 0
2022/06/28-01:44:21.420398 6a40       Options.compaction_readahead_size: 0
2022/06/28-01:44:21.420405 6a40                  Options.max_background_flushes: -1
2022/06/28-01:44:21.420412 6a40 Compression algorithms supported:
2022/06/28-01:44:21.420419 6a40 	kZSTD supported: 1
2022/06/28-01:44:21.420425 6a40 	kSnappyCompression supported: 1
2022/06/28-01:44:21.420431 6a40 	kBZip2Compression supported: 0
2022/06/28-01:44:21.420438 6a40 	kZlibCompression supported: 1
2022/06/28-01:44:21.420445 6a40 	kLZ4Compression supported: 1
2022/06/28-01:44:21.420479 6a40 	kXpressCompression supported: 0
2022/06/28-01:44:21.420487 6a40 	kLZ4HCCompression supported: 1
2022/06/28-01:44:21.420494 6a40 	kZSTDNotFinalCompression supported: 1
2022/06/28-01:44:21.420501 6a40 Fast CRC32 supported: Supported on x86
2022/06/28-01:44:21.422292 6a40 [db\version_set.cc:4848] Recovering from manifest file: D:\Hive\hivemq-4.8.0\data\persistence\client_events\040000_R\client_events_14/MANIFEST-000103
2022/06/28-01:44:21.427546 6a40 [db\column_family.cc:611] --------------- Options for column family [default]:
2022/06/28-01:44:21.427562 6a40               Options.comparator: leveldb.BytewiseComparator
2022/06/28-01:44:21.427570 6a40           Options.merge_operator: StringAppendOperator
2022/06/28-01:44:21.427576 6a40        Options.compaction_filter: None
2022/06/28-01:44:21.427583 6a40        Options.compaction_filter_factory: None
2022/06/28-01:44:21.427589 6a40  Options.sst_partitioner_factory: None
2022/06/28-01:44:21.427596 6a40         Options.memtable_factory: SkipListFactory
2022/06/28-01:44:21.427602 6a40            Options.table_factory: BlockBasedTable
2022/06/28-01:44:21.427648 6a40            table_factory options:   flush_block_policy_factory: FlushBlockBySizePolicyFactory (0000019855231E30)
  cache_index_and_filter_blocks: 0
  cache_index_and_filter_blocks_with_high_priority: 1
  pin_l0_filter_and_index_blocks_in_cache: 0
  pin_top_level_index_and_filter: 1
  index_type: 0
  data_block_index_type: 0
  index_shortening: 1
  data_block_hash_table_util_ratio: 0.750000
  hash_index_allow_collision: 1
  checksum: 1
  no_block_cache: 0
  block_cache: 0000019855CBD490
  block_cache_name: LRUCache
  block_cache_options:
    capacity : 133005760
    num_shard_bits : 6
    strict_capacity_limit : 0
    memory_allocator : None
    high_pri_pool_ratio: 0.000
  block_cache_compressed: 0000000000000000
  persistent_cache: 0000000000000000
  block_size: 32768
  block_size_deviation: 10
  block_restart_interval: 16
  index_block_restart_interval: 1
  metadata_block_size: 4096
  partition_filters: 0
  use_delta_encoding: 1
  filter_policy: nullptr
  whole_key_filtering: 1
  verify_compression: 0
  read_amp_bytes_per_bit: 0
  format_version: 5
  enable_index_compression: 1
  block_align: 0
  max_auto_readahead_size: 262144
  prepopulate_block_cache: 0
2022/06/28-01:44:21.427658 6a40        Options.write_buffer_size: 2078215
2022/06/28-01:44:21.427664 6a40  Options.max_write_buffer_number: 2
2022/06/28-01:44:21.427671 6a40          Options.compression: Snappy
2022/06/28-01:44:21.427678 6a40                  Options.bottommost_compression: Disabled
2022/06/28-01:44:21.427685 6a40       Options.prefix_extractor: nullptr
2022/06/28-01:44:21.427691 6a40   Options.memtable_insert_with_hint_prefix_extractor: nullptr
2022/06/28-01:44:21.427697 6a40             Options.num_levels: 7
2022/06/28-01:44:21.427702 6a40        Options.min_write_buffer_number_to_merge: 1
2022/06/28-01:44:21.427707 6a40     Options.max_write_buffer_number_to_maintain: 0
2022/06/28-01:44:21.427713 6a40     Options.max_write_buffer_size_to_maintain: 0
2022/06/28-01:44:21.427718 6a40            Options.bottommost_compression_opts.window_bits: -14
2022/06/28-01:44:21.427726 6a40                  Options.bottommost_compression_opts.level: 32767
2022/06/28-01:44:21.427733 6a40               Options.bottommost_compression_opts.strategy: 0
2022/06/28-01:44:21.427740 6a40         Options.bottommost_compression_opts.max_dict_bytes: 0
2022/06/28-01:44:21.427747 6a40         Options.bottommost_compression_opts.zstd_max_train_bytes: 0
2022/06/28-01:44:21.427755 6a40         Options.bottommost_compression_opts.parallel_threads: 1
2022/06/28-01:44:21.427763 6a40                  Options.bottommost_compression_opts.enabled: false
2022/06/28-01:44:21.427771 6a40         Options.bottommost_compression_opts.max_dict_buffer_bytes: 0
2022/06/28-01:44:21.427782 6a40            Options.compression_opts.window_bits: -14
2022/06/28-01:44:21.427789 6a40                  Options.compression_opts.level: 32767
2022/06/28-01:44:21.427797 6a40               Options.compression_opts.strategy: 0
2022/06/28-01:44:21.427804 6a40         Options.compression_opts.max_dict_bytes: 0
2022/06/28-01:44:21.427811 6a40         Options.compression_opts.zstd_max_train_bytes: 0
2022/06/28-01:44:21.427817 6a40         Options.compression_opts.parallel_threads: 1
2022/06/28-01:44:21.427824 6a40                  Options.compression_opts.enabled: false
2022/06/28-01:44:21.427831 6a40         Options.compression_opts.max_dict_buffer_bytes: 0
2022/06/28-01:44:21.427839 6a40      Options.level0_file_num_compaction_trigger: 4
2022/06/28-01:44:21.427845 6a40          Options.level0_slowdown_writes_trigger: 20
2022/06/28-01:44:21.427852 6a40              Options.level0_stop_writes_trigger: 36
2022/06/28-01:44:21.427859 6a40                   Options.target_file_size_base: 67108864
2022/06/28-01:44:21.427866 6a40             Options.target_file_size_multiplier: 1
2022/06/28-01:44:21.427872 6a40                Options.max_bytes_for_level_base: 268435456
2022/06/28-01:44:21.427879 6a40 Options.level_compaction_dynamic_level_bytes: 0
2022/06/28-01:44:21.427887 6a40          Options.max_bytes_for_level_multiplier: 10.000000
2022/06/28-01:44:21.427894 6a40 Options.max_bytes_for_level_multiplier_addtl[0]: 1
2022/06/28-01:44:21.427899 6a40 Options.max_bytes_for_level_multiplier_addtl[1]: 1
2022/06/28-01:44:21.427907 6a40 Options.max_bytes_for_level_multiplier_addtl[2]: 1
2022/06/28-01:44:21.427914 6a40 Options.max_bytes_for_level_multiplier_addtl[3]: 1
2022/06/28-01:44:21.427920 6a40 Options.max_bytes_for_level_multiplier_addtl[4]: 1
2022/06/28-01:44:21.427927 6a40 Options.max_bytes_for_level_multiplier_addtl[5]: 1
2022/06/28-01:44:21.427934 6a40 Options.max_bytes_for_level_multiplier_addtl[6]: 1
2022/06/28-01:44:21.427940 6a40       Options.max_sequential_skip_in_iterations: 8
2022/06/28-01:44:21.427947 6a40                    Options.max_compaction_bytes: 1677721600
2022/06/28-01:44:21.427953 6a40                        Options.arena_block_size: 262144
2022/06/28-01:44:21.427960 6a40   Options.soft_pending_compaction_bytes_limit: 68719476736
2022/06/28-01:44:21.427967 6a40   Options.hard_pending_compaction_bytes_limit: 274877906944
2022/06/28-01:44:21.427975 6a40       Options.rate_limit_delay_max_milliseconds: 100
2022/06/28-01:44:21.427981 6a40                Options.disable_auto_compactions: 0
2022/06/28-01:44:21.427990 6a40                        Options.compaction_style: kCompactionStyleLevel
2022/06/28-01:44:21.428000 6a40                          Options.compaction_pri: kMinOverlappingRatio
2022/06/28-01:44:21.428008 6a40 Options.compaction_options_universal.size_ratio: 1
2022/06/28-01:44:21.428017 6a40 Options.compaction_options_universal.min_merge_width: 2
2022/06/28-01:44:21.428023 6a40 Options.compaction_options_universal.max_merge_width: 4294967295
2022/06/28-01:44:21.428031 6a40 Options.compaction_options_universal.max_size_amplification_percent: 200
2022/06/28-01:44:21.428039 6a40 Options.compaction_options_universal.compression_size_percent: -1
2022/06/28-01:44:21.428047 6a40 Options.compaction_options_universal.stop_style: kCompactionStopStyleTotalSize
2022/06/28-01:44:21.428054 6a40 Options.compaction_options_fifo.max_table_files_size: 1073741824
2022/06/28-01:44:21.428061 6a40 Options.compaction_options_fifo.allow_compaction: 0
2022/06/28-01:44:21.428093 6a40                   Options.table_properties_collectors: 
2022/06/28-01:44:21.428099 6a40                   Options.inplace_update_support: 0
2022/06/28-01:44:21.428106 6a40                 Options.inplace_update_num_locks: 10000
2022/06/28-01:44:21.428114 6a40               Options.memtable_prefix_bloom_size_ratio: 0.000000
2022/06/28-01:44:21.428121 6a40               Options.memtable_whole_key_filtering: 0
2022/06/28-01:44:21.428127 6a40   Options.memtable_huge_page_size: 0
2022/06/28-01:44:21.428134 6a40                           Options.bloom_locality: 0
2022/06/28-01:44:21.428141 6a40                    Options.max_successive_merges: 0
2022/06/28-01:44:21.428147 6a40                Options.optimize_filters_for_hits: 0
2022/06/28-01:44:21.428192 6a40                Options.paranoid_file_checks: 0
2022/06/28-01:44:21.428200 6a40                Options.force_consistency_checks: 1
2022/06/28-01:44:21.428207 6a40                Options.report_bg_io_stats: 0
2022/06/28-01:44:21.428214 6a40                               Options.ttl: 2592000
2022/06/28-01:44:21.428221 6a40          Options.periodic_compaction_seconds: 0
2022/06/28-01:44:21.428228 6a40                       Options.enable_blob_files: false
2022/06/28-01:44:21.428235 6a40                           Options.min_blob_size: 0
2022/06/28-01:44:21.428243 6a40                          Options.blob_file_size: 268435456
2022/06/28-01:44:21.428253 6a40                   Options.blob_compression_type: NoCompression
2022/06/28-01:44:21.428260 6a40          Options.enable_blob_garbage_collection: false
2022/06/28-01:44:21.428268 6a40      Options.blob_garbage_collection_age_cutoff: 0.250000
2022/06/28-01:44:21.428275 6a40 Options.blob_garbage_collection_force_threshold: 1.000000
2022/06/28-01:44:21.459681 6a40 [db\version_set.cc:4896] Recovered from manifest file:D:\Hive\hivemq-4.8.0\data\persistence\client_events\040000_R\client_events_14/MANIFEST-000103 succeeded,manifest_file_number is 103, next_file_number is 105, last_sequence is 460, log_number is 99,prev_log_number is 0,max_column_family is 0,min_log_number_to_keep is 0
2022/06/28-01:44:21.459698 6a40 [db\version_set.cc:4905] Column family [default] (ID 0), log number is 99
2022/06/28-01:44:21.468173 6a40 [db\version_set.cc:4386] Creating manifest 107
2022/06/28-01:44:22.598925 6a40 EVENT_LOG_v1 {"time_micros": 1656369862598916, "job": 1, "event": "recovery_started", "wal_files": [104]}
2022/06/28-01:44:22.598942 6a40 [db\db_impl\db_impl_open.cc:878] Recovering log #104 mode 2
2022/06/28-01:44:23.078202 6a40 EVENT_LOG_v1 {"time_micros": 1656369863078157, "cf_name": "default", "job": 1, "event": "table_file_creation", "file_number": 108, "file_size": 1836, "file_checksum": "", "file_checksum_func_name": "Unknown", "table_properties": {"data_size": 0, "index_size": 13, "index_partitions": 0, "top_level_index_size": 0, "index_key_is_user_key": 1, "index_value_is_delta_encoded": 1, "filter_size": 0, "raw_key_size": 441, "raw_average_key_size": 21, "raw_value_size": 273, "raw_average_value_size": 13, "num_data_blocks": 0, "num_entries": 21, "num_filter_entries": 0, "num_deletions": 21, "num_merge_operands": 0, "num_range_deletions": 21, "format_version": 0, "fixed_key_len": 0, "filter_policy": "", "column_family_name": "default", "column_family_id": 0, "comparator": "leveldb.BytewiseComparator", "merge_operator": "StringAppendOperator", "prefix_extractor_name": "nullptr", "property_collectors": "[]", "compression": "Snappy", "compression_options": "window_bits=-14; level=32767; strategy=0; max_dict_bytes=0; zstd_max_train_bytes=0; enabled=0; max_dict_buffer_bytes=0; ", "creation_time": 1656369862, "oldest_key_time": 0, "file_creation_time": 0, "slow_compression_estimated_data_size": 0, "fast_compression_estimated_data_size": 0, "db_id": "80303366-db3e-11ec-bbfc-0492261d99fd", "db_session_id": "WTU5DQ24EVCTR89QL84P", "orig_file_number": 108}}
2022/06/28-01:44:23.078268 6a40 [db\version_set.cc:4386] Creating manifest 109
2022/06/28-01:44:24.015406 6a40 EVENT_LOG_v1 {"time_micros": 1656369864015393, "job": 1, "event": "recovery_finished"}
2022/06/28-01:44:24.039495 6a40 [file\delete_scheduler.cc:77] Deleted file D:\Hive\hivemq-4.8.0\data\persistence\client_events\040000_R\client_events_14/000104.log immediately, rate_bytes_per_sec 0, total_trash_size 0 max_trash_db_ratio 0.250000
2022/06/28-01:44:24.294882 6a40 [db\db_impl\db_impl_open.cc:1787] SstFileManager instance 0000019856AAAFB0
2022/06/28-01:44:24.297773 6a40 DB pointer 000001985534F4A0
2022/06/28-01:44:29.265189 6910 [db\compaction\compaction_job.cc:2221] [default] [JOB 3] Compacting 4@0 files to L1, score 1.00
2022/06/28-01:44:29.265200 6910 [db\compaction\compaction_job.cc:2225] [default] Compaction start summary: Base version 3 Base level 0, inputs: [108(1836B) 102(1302B) 96(4460B) 90(6590B)]
2022/06/28-01:44:29.265217 6910 EVENT_LOG_v1 {"time_micros": 1656369869265207, "job": 3, "event": "compaction_started", "compaction_reason": "LevelL0FilesNum", "files_L0": [108, 102, 96, 90], "score": 1, "input_data_size": 14188}
2022/06/28-01:44:29.280651 6910 [db\compaction\compaction_job.cc:1838] [default] [JOB 3] Generated table #113: 4 keys, 1090 bytes
2022/06/28-01:44:29.280709 6910 EVENT_LOG_v1 {"time_micros": 1656369869280673, "cf_name": "default", "job": 3, "event": "table_file_creation", "file_number": 113, "file_size": 1090, "file_checksum": "", "file_checksum_func_name": "Unknown", "table_properties": {"data_size": 117, "index_size": 26, "index_partitions": 0, "top_level_index_size": 0, "index_key_is_user_key": 1, "index_value_is_delta_encoded": 1, "filter_size": 0, "raw_key_size": 80, "raw_average_key_size": 20, "raw_value_size": 124, "raw_average_value_size": 31, "num_data_blocks": 1, "num_entries": 4, "num_filter_entries": 0, "num_deletions": 0, "num_merge_operands": 0, "num_range_deletions": 0, "format_version": 0, "fixed_key_len": 0, "filter_policy": "", "column_family_name": "default", "column_family_id": 0, "comparator": "leveldb.BytewiseComparator", "merge_operator": "StringAppendOperator", "prefix_extractor_name": "nullptr", "property_collectors": "[]", "compression": "Snappy", "compression_options": "window_bits=-14; level=32767; strategy=0; max_dict_bytes=0; zstd_max_train_bytes=0; enabled=0; max_dict_buffer_bytes=0; ", "creation_time": 1656182766, "oldest_key_time": 0, "file_creation_time": 1656369869, "slow_compression_estimated_data_size": 0, "fast_compression_estimated_data_size": 0, "db_id": "80303366-db3e-11ec-bbfc-0492261d99fd", "db_session_id": "WTU5DQ24EVCTR89QL84P", "orig_file_number": 113}}
2022/06/28-01:44:29.286874 6910 [db\compaction\compaction_job.cc:1898] [default] [JOB 3] Compacted 4@0 files to L1 => 1090 bytes
2022/06/28-01:44:29.308976 6910 (Original Log Time 2022/06/28-01:44:29.308905) [db\compaction\compaction_job.cc:875] [default] compacted to: files[0 1 0 0 0 0 0] max score 0.00, MB/sec: 0.9 rd, 0.1 wr, level 1, files in(4, 0) out(1 +0 blob) MB in(0.0, 0.0 +0.0 blob) out(0.0 +0.0 blob), read-write-amplify(1.1) write-amplify(0.1) OK, records in: 251, records dropped: 247 output_compression: Snappy
2022/06/28-01:44:29.308997 6910 (Original Log Time 2022/06/28-01:44:29.308941) EVENT_LOG_v1 {"time_micros": 1656369869308920, "job": 3, "event": "compaction_finished", "compaction_time_micros": 15608, "compaction_time_cpu_micros": 0, "output_level": 1, "num_output_files": 1, "total_output_size": 1090, "num_input_records": 251, "num_output_records": 4, "num_subcompactions": 1, "output_compression": "Snappy", "num_single_delete_mismatches": 0, "num_single_delete_fallthrough": 0, "lsm_state": [0, 1, 0, 0, 0, 0, 0]}
2022/06/28-01:44:29.309262 6910 [file\delete_scheduler.cc:77] Deleted file D:\Hive\hivemq-4.8.0\data\persistence\client_events\040000_R\client_events_14/000108.sst immediately, rate_bytes_per_sec 0, total_trash_size 0 max_trash_db_ratio 0.250000
2022/06/28-01:44:29.309288 6910 EVENT_LOG_v1 {"time_micros": 1656369869309282, "job": 3, "event": "table_file_deletion", "file_number": 108}
2022/06/28-01:44:29.309489 6910 [file\delete_scheduler.cc:77] Deleted file D:\Hive\hivemq-4.8.0\data\persistence\client_events\040000_R\client_events_14/000102.sst immediately, rate_bytes_per_sec 0, total_trash_size 0 max_trash_db_ratio 0.250000
2022/06/28-01:44:29.309512 6910 EVENT_LOG_v1 {"time_micros": 1656369869309507, "job": 3, "event": "table_file_deletion", "file_number": 102}
2022/06/28-01:44:29.309668 6910 [file\delete_scheduler.cc:77] Deleted file D:\Hive\hivemq-4.8.0\data\persistence\client_events\040000_R\client_events_14/000096.sst immediately, rate_bytes_per_sec 0, total_trash_size 0 max_trash_db_ratio 0.250000
2022/06/28-01:44:29.309684 6910 EVENT_LOG_v1 {"time_micros": 1656369869309679, "job": 3, "event": "table_file_deletion", "file_number": 96}
2022/06/28-01:44:29.309940 6910 [file\delete_scheduler.cc:77] Deleted file D:\Hive\hivemq-4.8.0\data\persistence\client_events\040000_R\client_events_14/000090.sst immediately, rate_bytes_per_sec 0, total_trash_size 0 max_trash_db_ratio 0.250000
2022/06/28-01:44:29.309968 6910 EVENT_LOG_v1 {"time_micros": 1656369869309961, "job": 3, "event": "table_file_deletion", "file_number": 90}
