2022/06/28-01:44:21.027096 b40 RocksDB version: 6.26.1
2022/06/28-01:44:21.027142 b40 Git sha 4d57a393a8f1563c0dff1ff468756c23d89e3601
2022/06/28-01:44:21.027160 b40 Compile date 2021-11-22 13:08:56
2022/06/28-01:44:21.027174 b40 DB SUMMARY
2022/06/28-01:44:21.027187 b40 DB Session ID:  WTU5DQ24EVCTR89QL84I
2022/06/28-01:44:21.029471 b40 CURRENT file:  CURRENT
2022/06/28-01:44:21.029492 b40 IDENTITY file:  IDENTITY
2022/06/28-01:44:21.029652 b40 MANIFEST file:  MANIFEST-000103 size: 285 Bytes
2022/06/28-01:44:21.029675 b40 SST files in D:\Hive\hivemq-4.8.0\data\persistence\client_events\040000_R\client_events_10 dir, Total Num: 3, files: 000090.sst 000096.sst 000102.sst 
2022/06/28-01:44:21.029692 b40 Write Ahead Log file in D:\Hive\hivemq-4.8.0\data\persistence\client_events\040000_R\client_events_10: 000104.log size: 1008 ; 
2022/06/28-01:44:21.391655 b40                         Options.error_if_exists: 0
2022/06/28-01:44:21.391669 b40                       Options.create_if_missing: 1
2022/06/28-01:44:21.391677 b40                         Options.paranoid_checks: 1
2022/06/28-01:44:21.391684 b40             Options.flush_verify_memtable_count: 1
2022/06/28-01:44:21.391691 b40                               Options.track_and_verify_wals_in_manifest: 0
2022/06/28-01:44:21.391699 b40                                     Options.env: 000001985551AEC0
2022/06/28-01:44:21.391707 b40                                      Options.fs: WinFS
2022/06/28-01:44:21.391715 b40                                Options.info_log: 0000019857898280
2022/06/28-01:44:21.391723 b40                Options.max_file_opening_threads: 16
2022/06/28-01:44:21.391730 b40                              Options.statistics: 0000019855238810
2022/06/28-01:44:21.391736 b40                               Options.use_fsync: 0
2022/06/28-01:44:21.391743 b40                       Options.max_log_file_size: 512000
2022/06/28-01:44:21.391750 b40                  Options.max_manifest_file_size: 1073741824
2022/06/28-01:44:21.391757 b40                   Options.log_file_time_to_roll: 0
2022/06/28-01:44:21.391764 b40                       Options.keep_log_file_num: 2
2022/06/28-01:44:21.391771 b40                    Options.recycle_log_file_num: 0
2022/06/28-01:44:21.391777 b40                         Options.allow_fallocate: 1
2022/06/28-01:44:21.391784 b40                        Options.allow_mmap_reads: 0
2022/06/28-01:44:21.391791 b40                       Options.allow_mmap_writes: 0
2022/06/28-01:44:21.391798 b40                        Options.use_direct_reads: 0
2022/06/28-01:44:21.391941 b40                        Options.use_direct_io_for_flush_and_compaction: 0
2022/06/28-01:44:21.391947 b40          Options.create_missing_column_families: 0
2022/06/28-01:44:21.391953 b40                              Options.db_log_dir: 
2022/06/28-01:44:21.391958 b40                                 Options.wal_dir: 
2022/06/28-01:44:21.391963 b40                Options.table_cache_numshardbits: 6
2022/06/28-01:44:21.391968 b40                         Options.WAL_ttl_seconds: 0
2022/06/28-01:44:21.391974 b40                       Options.WAL_size_limit_MB: 0
2022/06/28-01:44:21.391979 b40                        Options.max_write_batch_group_size_bytes: 1048576
2022/06/28-01:44:21.391985 b40             Options.manifest_preallocation_size: 4194304
2022/06/28-01:44:21.391991 b40                     Options.is_fd_close_on_exec: 1
2022/06/28-01:44:21.391995 b40                   Options.advise_random_on_open: 1
2022/06/28-01:44:21.392002 b40                   Options.experimental_mempurge_threshold: 0.000000
2022/06/28-01:44:21.392009 b40                    Options.db_write_buffer_size: 0
2022/06/28-01:44:21.392015 b40                    Options.write_buffer_manager: 000001985643EB30
2022/06/28-01:44:21.392023 b40         Options.access_hint_on_compaction_start: 1
2022/06/28-01:44:21.392029 b40  Options.new_table_reader_for_compaction_inputs: 0
2022/06/28-01:44:21.392035 b40           Options.random_access_max_buffer_size: 1048576
2022/06/28-01:44:21.392042 b40                      Options.use_adaptive_mutex: 0
2022/06/28-01:44:21.406822 b40                            Options.rate_limiter: 0000000000000000
2022/06/28-01:44:21.406834 b40     Options.sst_file_manager.rate_bytes_per_sec: 0
2022/06/28-01:44:21.406850 b40                       Options.wal_recovery_mode: 2
2022/06/28-01:44:21.406859 b40                  Options.enable_thread_tracking: 0
2022/06/28-01:44:21.406867 b40                  Options.enable_pipelined_write: 0
2022/06/28-01:44:21.406874 b40                  Options.unordered_write: 0
2022/06/28-01:44:21.406881 b40         Options.allow_concurrent_memtable_write: 1
2022/06/28-01:44:21.406888 b40      Options.enable_write_thread_adaptive_yield: 1
2022/06/28-01:44:21.406895 b40             Options.write_thread_max_yield_usec: 100
2022/06/28-01:44:21.406903 b40            Options.write_thread_slow_yield_usec: 3
2022/06/28-01:44:21.406908 b40                               Options.row_cache: None
2022/06/28-01:44:21.406914 b40                              Options.wal_filter: None
2022/06/28-01:44:21.406919 b40             Options.avoid_flush_during_recovery: 0
2022/06/28-01:44:21.406924 b40             Options.allow_ingest_behind: 0
2022/06/28-01:44:21.406930 b40             Options.preserve_deletes: 0
2022/06/28-01:44:21.406935 b40             Options.two_write_queues: 0
2022/06/28-01:44:21.406940 b40             Options.manual_wal_flush: 0
2022/06/28-01:44:21.406945 b40             Options.atomic_flush: 0
2022/06/28-01:44:21.406951 b40             Options.avoid_unnecessary_blocking_io: 0
2022/06/28-01:44:21.406956 b40                 Options.persist_stats_to_disk: 0
2022/06/28-01:44:21.406961 b40                 Options.write_dbid_to_manifest: 0
2022/06/28-01:44:21.406967 b40                 Options.log_readahead_size: 0
2022/06/28-01:44:21.406972 b40                 Options.file_checksum_gen_factory: Unknown
2022/06/28-01:44:21.406977 b40                 Options.best_efforts_recovery: 0
2022/06/28-01:44:21.406983 b40                Options.max_bgerror_resume_count: 2147483647
2022/06/28-01:44:21.406988 b40            Options.bgerror_resume_retry_interval: 1000000
2022/06/28-01:44:21.406994 b40             Options.allow_data_in_errors: 0
2022/06/28-01:44:21.406999 b40             Options.db_host_id: __hostname__
2022/06/28-01:44:21.407004 b40             Options.max_background_jobs: 2
2022/06/28-01:44:21.407010 b40             Options.max_background_compactions: -1
2022/06/28-01:44:21.407015 b40             Options.max_subcompactions: 1
2022/06/28-01:44:21.407022 b40             Options.avoid_flush_during_shutdown: 0
2022/06/28-01:44:21.407028 b40           Options.writable_file_max_buffer_size: 1048576
2022/06/28-01:44:21.407035 b40             Options.delayed_write_rate : 16777216
2022/06/28-01:44:21.407042 b40             Options.max_total_wal_size: 0
2022/06/28-01:44:21.407048 b40             Options.delete_obsolete_files_period_micros: 21600000000
2022/06/28-01:44:21.407055 b40                   Options.stats_dump_period_sec: 0
2022/06/28-01:44:21.407062 b40                 Options.stats_persist_period_sec: 0
2022/06/28-01:44:21.407073 b40                 Options.stats_history_buffer_size: 65536
2022/06/28-01:44:21.407080 b40                          Options.max_open_files: -1
2022/06/28-01:44:21.407085 b40                          Options.bytes_per_sync: 0
2022/06/28-01:44:21.407090 b40                      Options.wal_bytes_per_sync: 0
2022/06/28-01:44:21.407096 b40                   Options.strict_bytes_per_sync: 0
2022/06/28-01:44:21.407101 b40       Options.compaction_readahead_size: 0
2022/06/28-01:44:21.407106 b40                  Options.max_background_flushes: -1
2022/06/28-01:44:21.407111 b40 Compression algorithms supported:
2022/06/28-01:44:21.407116 b40 	kZSTD supported: 1
2022/06/28-01:44:21.407122 b40 	kSnappyCompression supported: 1
2022/06/28-01:44:21.407128 b40 	kBZip2Compression supported: 0
2022/06/28-01:44:21.407135 b40 	kZlibCompression supported: 1
2022/06/28-01:44:21.407142 b40 	kLZ4Compression supported: 1
2022/06/28-01:44:21.407148 b40 	kXpressCompression supported: 0
2022/06/28-01:44:21.407181 b40 	kLZ4HCCompression supported: 1
2022/06/28-01:44:21.407188 b40 	kZSTDNotFinalCompression supported: 1
2022/06/28-01:44:21.407194 b40 Fast CRC32 supported: Supported on x86
2022/06/28-01:44:21.412071 b40 [db\version_set.cc:4848] Recovering from manifest file: D:\Hive\hivemq-4.8.0\data\persistence\client_events\040000_R\client_events_10/MANIFEST-000103
2022/06/28-01:44:21.417668 b40 [db\column_family.cc:611] --------------- Options for column family [default]:
2022/06/28-01:44:21.417679 b40               Options.comparator: leveldb.BytewiseComparator
2022/06/28-01:44:21.417686 b40           Options.merge_operator: StringAppendOperator
2022/06/28-01:44:21.417693 b40        Options.compaction_filter: None
2022/06/28-01:44:21.417699 b40        Options.compaction_filter_factory: None
2022/06/28-01:44:21.417706 b40  Options.sst_partitioner_factory: None
2022/06/28-01:44:21.417712 b40         Options.memtable_factory: SkipListFactory
2022/06/28-01:44:21.417719 b40            Options.table_factory: BlockBasedTable
2022/06/28-01:44:21.417771 b40            table_factory options:   flush_block_policy_factory: FlushBlockBySizePolicyFactory (0000019855231E30)
  cache_index_and_filter_blocks: 0
  cache_index_and_filter_blocks_with_high_priority: 1
  pin_l0_filter_and_index_blocks_in_cache: 0
  pin_top_level_index_and_filter: 1
  index_type: 0
  data_block_index_type: 0
  index_shortening: 1
  data_block_hash_table_util_ratio: 0.750000
  hash_index_allow_collision: 1
  checksum: 1
  no_block_cache: 0
  block_cache: 0000019855CBD490
  block_cache_name: LRUCache
  block_cache_options:
    capacity : 133005760
    num_shard_bits : 6
    strict_capacity_limit : 0
    memory_allocator : None
    high_pri_pool_ratio: 0.000
  block_cache_compressed: 0000000000000000
  persistent_cache: 0000000000000000
  block_size: 32768
  block_size_deviation: 10
  block_restart_interval: 16
  index_block_restart_interval: 1
  metadata_block_size: 4096
  partition_filters: 0
  use_delta_encoding: 1
  filter_policy: nullptr
  whole_key_filtering: 1
  verify_compression: 0
  read_amp_bytes_per_bit: 0
  format_version: 5
  enable_index_compression: 1
  block_align: 0
  max_auto_readahead_size: 262144
  prepopulate_block_cache: 0
2022/06/28-01:44:21.417781 b40        Options.write_buffer_size: 2078215
2022/06/28-01:44:21.417788 b40  Options.max_write_buffer_number: 2
2022/06/28-01:44:21.417795 b40          Options.compression: Snappy
2022/06/28-01:44:21.417802 b40                  Options.bottommost_compression: Disabled
2022/06/28-01:44:21.417809 b40       Options.prefix_extractor: nullptr
2022/06/28-01:44:21.417816 b40   Options.memtable_insert_with_hint_prefix_extractor: nullptr
2022/06/28-01:44:21.417823 b40             Options.num_levels: 7
2022/06/28-01:44:21.417829 b40        Options.min_write_buffer_number_to_merge: 1
2022/06/28-01:44:21.417835 b40     Options.max_write_buffer_number_to_maintain: 0
2022/06/28-01:44:21.417841 b40     Options.max_write_buffer_size_to_maintain: 0
2022/06/28-01:44:21.417848 b40            Options.bottommost_compression_opts.window_bits: -14
2022/06/28-01:44:21.417855 b40                  Options.bottommost_compression_opts.level: 32767
2022/06/28-01:44:21.417862 b40               Options.bottommost_compression_opts.strategy: 0
2022/06/28-01:44:21.417869 b40         Options.bottommost_compression_opts.max_dict_bytes: 0
2022/06/28-01:44:21.417875 b40         Options.bottommost_compression_opts.zstd_max_train_bytes: 0
2022/06/28-01:44:21.417883 b40         Options.bottommost_compression_opts.parallel_threads: 1
2022/06/28-01:44:21.417890 b40                  Options.bottommost_compression_opts.enabled: false
2022/06/28-01:44:21.417898 b40         Options.bottommost_compression_opts.max_dict_buffer_bytes: 0
2022/06/28-01:44:21.417905 b40            Options.compression_opts.window_bits: -14
2022/06/28-01:44:21.417912 b40                  Options.compression_opts.level: 32767
2022/06/28-01:44:21.417919 b40               Options.compression_opts.strategy: 0
2022/06/28-01:44:21.417925 b40         Options.compression_opts.max_dict_bytes: 0
2022/06/28-01:44:21.417934 b40         Options.compression_opts.zstd_max_train_bytes: 0
2022/06/28-01:44:21.417942 b40         Options.compression_opts.parallel_threads: 1
2022/06/28-01:44:21.417949 b40                  Options.compression_opts.enabled: false
2022/06/28-01:44:21.417956 b40         Options.compression_opts.max_dict_buffer_bytes: 0
2022/06/28-01:44:21.417963 b40      Options.level0_file_num_compaction_trigger: 4
2022/06/28-01:44:21.417970 b40          Options.level0_slowdown_writes_trigger: 20
2022/06/28-01:44:21.417977 b40              Options.level0_stop_writes_trigger: 36
2022/06/28-01:44:21.417984 b40                   Options.target_file_size_base: 67108864
2022/06/28-01:44:21.417991 b40             Options.target_file_size_multiplier: 1
2022/06/28-01:44:21.417998 b40                Options.max_bytes_for_level_base: 268435456
2022/06/28-01:44:21.418004 b40 Options.level_compaction_dynamic_level_bytes: 0
2022/06/28-01:44:21.418012 b40          Options.max_bytes_for_level_multiplier: 10.000000
2022/06/28-01:44:21.418019 b40 Options.max_bytes_for_level_multiplier_addtl[0]: 1
2022/06/28-01:44:21.418025 b40 Options.max_bytes_for_level_multiplier_addtl[1]: 1
2022/06/28-01:44:21.418032 b40 Options.max_bytes_for_level_multiplier_addtl[2]: 1
2022/06/28-01:44:21.418041 b40 Options.max_bytes_for_level_multiplier_addtl[3]: 1
2022/06/28-01:44:21.418048 b40 Options.max_bytes_for_level_multiplier_addtl[4]: 1
2022/06/28-01:44:21.418054 b40 Options.max_bytes_for_level_multiplier_addtl[5]: 1
2022/06/28-01:44:21.418063 b40 Options.max_bytes_for_level_multiplier_addtl[6]: 1
2022/06/28-01:44:21.418069 b40       Options.max_sequential_skip_in_iterations: 8
2022/06/28-01:44:21.418076 b40                    Options.max_compaction_bytes: 1677721600
2022/06/28-01:44:21.418083 b40                        Options.arena_block_size: 262144
2022/06/28-01:44:21.418090 b40   Options.soft_pending_compaction_bytes_limit: 68719476736
2022/06/28-01:44:21.418098 b40   Options.hard_pending_compaction_bytes_limit: 274877906944
2022/06/28-01:44:21.418105 b40       Options.rate_limit_delay_max_milliseconds: 100
2022/06/28-01:44:21.418112 b40                Options.disable_auto_compactions: 0
2022/06/28-01:44:21.418120 b40                        Options.compaction_style: kCompactionStyleLevel
2022/06/28-01:44:21.418128 b40                          Options.compaction_pri: kMinOverlappingRatio
2022/06/28-01:44:21.418136 b40 Options.compaction_options_universal.size_ratio: 1
2022/06/28-01:44:21.418144 b40 Options.compaction_options_universal.min_merge_width: 2
2022/06/28-01:44:21.418152 b40 Options.compaction_options_universal.max_merge_width: 4294967295
2022/06/28-01:44:21.418160 b40 Options.compaction_options_universal.max_size_amplification_percent: 200
2022/06/28-01:44:21.418167 b40 Options.compaction_options_universal.compression_size_percent: -1
2022/06/28-01:44:21.418176 b40 Options.compaction_options_universal.stop_style: kCompactionStopStyleTotalSize
2022/06/28-01:44:21.418184 b40 Options.compaction_options_fifo.max_table_files_size: 1073741824
2022/06/28-01:44:21.418192 b40 Options.compaction_options_fifo.allow_compaction: 0
2022/06/28-01:44:21.418200 b40                   Options.table_properties_collectors: 
2022/06/28-01:44:21.418208 b40                   Options.inplace_update_support: 0
2022/06/28-01:44:21.418216 b40                 Options.inplace_update_num_locks: 10000
2022/06/28-01:44:21.418224 b40               Options.memtable_prefix_bloom_size_ratio: 0.000000
2022/06/28-01:44:21.418232 b40               Options.memtable_whole_key_filtering: 0
2022/06/28-01:44:21.418239 b40   Options.memtable_huge_page_size: 0
2022/06/28-01:44:21.418247 b40                           Options.bloom_locality: 0
2022/06/28-01:44:21.418254 b40                    Options.max_successive_merges: 0
2022/06/28-01:44:21.418262 b40                Options.optimize_filters_for_hits: 0
2022/06/28-01:44:21.418270 b40                Options.paranoid_file_checks: 0
2022/06/28-01:44:21.418277 b40                Options.force_consistency_checks: 1
2022/06/28-01:44:21.418321 b40                Options.report_bg_io_stats: 0
2022/06/28-01:44:21.418331 b40                               Options.ttl: 2592000
2022/06/28-01:44:21.418338 b40          Options.periodic_compaction_seconds: 0
2022/06/28-01:44:21.418346 b40                       Options.enable_blob_files: false
2022/06/28-01:44:21.418353 b40                           Options.min_blob_size: 0
2022/06/28-01:44:21.418360 b40                          Options.blob_file_size: 268435456
2022/06/28-01:44:21.418368 b40                   Options.blob_compression_type: NoCompression
2022/06/28-01:44:21.418376 b40          Options.enable_blob_garbage_collection: false
2022/06/28-01:44:21.418384 b40      Options.blob_garbage_collection_age_cutoff: 0.250000
2022/06/28-01:44:21.418392 b40 Options.blob_garbage_collection_force_threshold: 1.000000
2022/06/28-01:44:21.572925 b40 [db\version_set.cc:4896] Recovered from manifest file:D:\Hive\hivemq-4.8.0\data\persistence\client_events\040000_R\client_events_10/MANIFEST-000103 succeeded,manifest_file_number is 103, next_file_number is 105, last_sequence is 456, log_number is 99,prev_log_number is 0,max_column_family is 0,min_log_number_to_keep is 0
2022/06/28-01:44:21.572939 b40 [db\version_set.cc:4905] Column family [default] (ID 0), log number is 99
2022/06/28-01:44:21.576691 b40 [db\version_set.cc:4386] Creating manifest 107
2022/06/28-01:44:22.507926 b40 EVENT_LOG_v1 {"time_micros": 1656369862507710, "job": 1, "event": "recovery_started", "wal_files": [104]}
2022/06/28-01:44:22.507940 b40 [db\db_impl\db_impl_open.cc:878] Recovering log #104 mode 2
2022/06/28-01:44:23.016357 b40 EVENT_LOG_v1 {"time_micros": 1656369863016295, "cf_name": "default", "job": 1, "event": "table_file_creation", "file_number": 108, "file_size": 1836, "file_checksum": "", "file_checksum_func_name": "Unknown", "table_properties": {"data_size": 0, "index_size": 13, "index_partitions": 0, "top_level_index_size": 0, "index_key_is_user_key": 1, "index_value_is_delta_encoded": 1, "filter_size": 0, "raw_key_size": 441, "raw_average_key_size": 21, "raw_value_size": 273, "raw_average_value_size": 13, "num_data_blocks": 0, "num_entries": 21, "num_filter_entries": 0, "num_deletions": 21, "num_merge_operands": 0, "num_range_deletions": 21, "format_version": 0, "fixed_key_len": 0, "filter_policy": "", "column_family_name": "default", "column_family_id": 0, "comparator": "leveldb.BytewiseComparator", "merge_operator": "StringAppendOperator", "prefix_extractor_name": "nullptr", "property_collectors": "[]", "compression": "Snappy", "compression_options": "window_bits=-14; level=32767; strategy=0; max_dict_bytes=0; zstd_max_train_bytes=0; enabled=0; max_dict_buffer_bytes=0; ", "creation_time": 1656369862, "oldest_key_time": 0, "file_creation_time": 0, "slow_compression_estimated_data_size": 0, "fast_compression_estimated_data_size": 0, "db_id": "80303364-db3e-11ec-bbfc-0492261d99fd", "db_session_id": "WTU5DQ24EVCTR89QL84I", "orig_file_number": 108}}
2022/06/28-01:44:23.016444 b40 [db\version_set.cc:4386] Creating manifest 109
2022/06/28-01:44:23.481617 b40 EVENT_LOG_v1 {"time_micros": 1656369863481547, "job": 1, "event": "recovery_finished"}
2022/06/28-01:44:23.486594 b40 [file\delete_scheduler.cc:77] Deleted file D:\Hive\hivemq-4.8.0\data\persistence\client_events\040000_R\client_events_10/000104.log immediately, rate_bytes_per_sec 0, total_trash_size 0 max_trash_db_ratio 0.250000
2022/06/28-01:44:23.966173 b40 [db\db_impl\db_impl_open.cc:1787] SstFileManager instance 0000019856AAC510
2022/06/28-01:44:23.970710 b40 DB pointer 0000019855C10660
2022/06/28-01:44:24.861337 6910 [db\compaction\compaction_job.cc:2221] [default] [JOB 3] Compacting 4@0 files to L1, score 1.00
2022/06/28-01:44:24.861350 6910 [db\compaction\compaction_job.cc:2225] [default] Compaction start summary: Base version 3 Base level 0, inputs: [108(1836B) 102(1302B) 96(4460B) 90(6431B)]
2022/06/28-01:44:24.862975 6910 EVENT_LOG_v1 {"time_micros": 1656369864861569, "job": 3, "event": "compaction_started", "compaction_reason": "LevelL0FilesNum", "files_L0": [108, 102, 96, 90], "score": 1, "input_data_size": 14029}
2022/06/28-01:44:25.200336 6910 EVENT_LOG_v1 {"time_micros": 1656369865200190, "cf_name": "default", "job": 3, "event": "table_file_creation", "file_number": 0, "file_size": 0, "file_checksum": "", "file_checksum_func_name": "Unknown", "table_properties": {"data_size": 0, "index_size": 13, "index_partitions": 0, "top_level_index_size": 0, "index_key_is_user_key": 1, "index_value_is_delta_encoded": 1, "filter_size": 0, "raw_key_size": 0, "raw_average_key_size": 0, "raw_value_size": 0, "raw_average_value_size": 0, "num_data_blocks": 0, "num_entries": 0, "num_filter_entries": 0, "num_deletions": 0, "num_merge_operands": 0, "num_range_deletions": 0, "format_version": 0, "fixed_key_len": 0, "filter_policy": "", "column_family_name": "default", "column_family_id": 0, "comparator": "leveldb.BytewiseComparator", "merge_operator": "StringAppendOperator", "prefix_extractor_name": "nullptr", "property_collectors": "[]", "compression": "Snappy", "compression_options": "window_bits=-14; level=32767; strategy=0; max_dict_bytes=0; zstd_max_train_bytes=0; enabled=0; max_dict_buffer_bytes=0; ", "creation_time": 1656182760, "oldest_key_time": 0, "file_creation_time": 1656369864, "slow_compression_estimated_data_size": 0, "fast_compression_estimated_data_size": 0, "db_id": "80303364-db3e-11ec-bbfc-0492261d99fd", "db_session_id": "WTU5DQ24EVCTR89QL84I", "orig_file_number": 113}}
2022/06/28-01:44:25.200398 6910 [db\compaction\compaction_job.cc:1898] [default] [JOB 3] Compacted 4@0 files to L1 => 959 bytes
2022/06/28-01:44:25.394510 6910 (Original Log Time 2022/06/28-01:44:25.394124) [db\compaction\compaction_job.cc:875] [default] compacted to: files[0 0 0 0 0 0 0] max score 0.00, MB/sec: 0.0 rd, 0.0 wr, level 1, files in(4, 0) out(0 +0 blob) MB in(0.0, 0.0 +0.0 blob) out(0.0 +0.0 blob), read-write-amplify(1.1) write-amplify(0.1) OK, records in: 247, records dropped: 247 output_compression: Snappy
2022/06/28-01:44:25.394527 6910 (Original Log Time 2022/06/28-01:44:25.394471) EVENT_LOG_v1 {"time_micros": 1656369865394220, "job": 3, "event": "compaction_finished", "compaction_time_micros": 337398, "compaction_time_cpu_micros": 0, "output_level": 1, "num_output_files": 0, "total_output_size": 959, "num_input_records": 247, "num_output_records": 0, "num_subcompactions": 1, "output_compression": "Snappy", "num_single_delete_mismatches": 0, "num_single_delete_fallthrough": 0, "lsm_state": [0, 0, 0, 0, 0, 0, 0]}
2022/06/28-01:44:25.396280 6910 [file\delete_scheduler.cc:77] Deleted file D:\Hive\hivemq-4.8.0\data\persistence\client_events\040000_R\client_events_10/000108.sst immediately, rate_bytes_per_sec 0, total_trash_size 0 max_trash_db_ratio 0.250000
2022/06/28-01:44:25.396355 6910 EVENT_LOG_v1 {"time_micros": 1656369865396344, "job": 3, "event": "table_file_deletion", "file_number": 108}
2022/06/28-01:44:25.396590 6910 [file\delete_scheduler.cc:77] Deleted file D:\Hive\hivemq-4.8.0\data\persistence\client_events\040000_R\client_events_10/000102.sst immediately, rate_bytes_per_sec 0, total_trash_size 0 max_trash_db_ratio 0.250000
2022/06/28-01:44:25.396630 6910 EVENT_LOG_v1 {"time_micros": 1656369865396617, "job": 3, "event": "table_file_deletion", "file_number": 102}
2022/06/28-01:44:25.396872 6910 [file\delete_scheduler.cc:77] Deleted file D:\Hive\hivemq-4.8.0\data\persistence\client_events\040000_R\client_events_10/000096.sst immediately, rate_bytes_per_sec 0, total_trash_size 0 max_trash_db_ratio 0.250000
2022/06/28-01:44:25.397066 6910 EVENT_LOG_v1 {"time_micros": 1656369865397054, "job": 3, "event": "table_file_deletion", "file_number": 96}
2022/06/28-01:44:25.397269 6910 [file\delete_scheduler.cc:77] Deleted file D:\Hive\hivemq-4.8.0\data\persistence\client_events\040000_R\client_events_10/000090.sst immediately, rate_bytes_per_sec 0, total_trash_size 0 max_trash_db_ratio 0.250000
2022/06/28-01:44:25.397766 6910 EVENT_LOG_v1 {"time_micros": 1656369865397367, "job": 3, "event": "table_file_deletion", "file_number": 90}
