2022/06/28-01:44:22.464514 37cc RocksDB version: 6.26.1
2022/06/28-01:44:22.464556 37cc Git sha 4d57a393a8f1563c0dff1ff468756c23d89e3601
2022/06/28-01:44:22.464571 37cc Compile date 2021-11-22 13:08:56
2022/06/28-01:44:22.464580 37cc DB SUMMARY
2022/06/28-01:44:22.464589 37cc DB Session ID:  WTU5DQ24EVCTR89QL859
2022/06/28-01:44:22.465045 37cc CURRENT file:  CURRENT
2022/06/28-01:44:22.465059 37cc IDENTITY file:  IDENTITY
2022/06/28-01:44:22.465107 37cc MANIFEST file:  MANIFEST-000103 size: 285 Bytes
2022/06/28-01:44:22.465120 37cc SST files in D:\Hive\hivemq-4.8.0\data\persistence\client_events\040000_R\client_events_25 dir, Total Num: 3, files: 000090.sst 000096.sst 000102.sst 
2022/06/28-01:44:22.465131 37cc Write Ahead Log file in D:\Hive\hivemq-4.8.0\data\persistence\client_events\040000_R\client_events_25: 000104.log size: 1008 ; 
2022/06/28-01:44:22.498654 37cc                         Options.error_if_exists: 0
2022/06/28-01:44:22.498814 37cc                       Options.create_if_missing: 1
2022/06/28-01:44:22.498824 37cc                         Options.paranoid_checks: 1
2022/06/28-01:44:22.498841 37cc             Options.flush_verify_memtable_count: 1
2022/06/28-01:44:22.498850 37cc                               Options.track_and_verify_wals_in_manifest: 0
2022/06/28-01:44:22.498858 37cc                                     Options.env: 000001985551AEC0
2022/06/28-01:44:22.498867 37cc                                      Options.fs: WinFS
2022/06/28-01:44:22.498875 37cc                                Options.info_log: 00000198578962D0
2022/06/28-01:44:22.498883 37cc                Options.max_file_opening_threads: 16
2022/06/28-01:44:22.498895 37cc                              Options.statistics: 0000019855238810
2022/06/28-01:44:22.498906 37cc                               Options.use_fsync: 0
2022/06/28-01:44:22.498915 37cc                       Options.max_log_file_size: 512000
2022/06/28-01:44:22.498922 37cc                  Options.max_manifest_file_size: 1073741824
2022/06/28-01:44:22.498929 37cc                   Options.log_file_time_to_roll: 0
2022/06/28-01:44:22.498936 37cc                       Options.keep_log_file_num: 2
2022/06/28-01:44:22.498980 37cc                    Options.recycle_log_file_num: 0
2022/06/28-01:44:22.498987 37cc                         Options.allow_fallocate: 1
2022/06/28-01:44:22.498994 37cc                        Options.allow_mmap_reads: 0
2022/06/28-01:44:22.499001 37cc                       Options.allow_mmap_writes: 0
2022/06/28-01:44:22.499008 37cc                        Options.use_direct_reads: 0
2022/06/28-01:44:22.499017 37cc                        Options.use_direct_io_for_flush_and_compaction: 0
2022/06/28-01:44:22.499024 37cc          Options.create_missing_column_families: 0
2022/06/28-01:44:22.499032 37cc                              Options.db_log_dir: 
2022/06/28-01:44:22.499039 37cc                                 Options.wal_dir: 
2022/06/28-01:44:22.499046 37cc                Options.table_cache_numshardbits: 6
2022/06/28-01:44:22.499053 37cc                         Options.WAL_ttl_seconds: 0
2022/06/28-01:44:22.499061 37cc                       Options.WAL_size_limit_MB: 0
2022/06/28-01:44:22.499069 37cc                        Options.max_write_batch_group_size_bytes: 1048576
2022/06/28-01:44:22.499075 37cc             Options.manifest_preallocation_size: 4194304
2022/06/28-01:44:22.499083 37cc                     Options.is_fd_close_on_exec: 1
2022/06/28-01:44:22.499090 37cc                   Options.advise_random_on_open: 1
2022/06/28-01:44:22.499097 37cc                   Options.experimental_mempurge_threshold: 0.000000
2022/06/28-01:44:22.499104 37cc                    Options.db_write_buffer_size: 0
2022/06/28-01:44:22.499111 37cc                    Options.write_buffer_manager: 00000198556EB6D0
2022/06/28-01:44:22.499119 37cc         Options.access_hint_on_compaction_start: 1
2022/06/28-01:44:22.499126 37cc  Options.new_table_reader_for_compaction_inputs: 0
2022/06/28-01:44:22.499132 37cc           Options.random_access_max_buffer_size: 1048576
2022/06/28-01:44:22.499139 37cc                      Options.use_adaptive_mutex: 0
2022/06/28-01:44:22.499364 37cc                            Options.rate_limiter: 0000000000000000
2022/06/28-01:44:22.499375 37cc     Options.sst_file_manager.rate_bytes_per_sec: 0
2022/06/28-01:44:22.499382 37cc                       Options.wal_recovery_mode: 2
2022/06/28-01:44:22.499389 37cc                  Options.enable_thread_tracking: 0
2022/06/28-01:44:22.499396 37cc                  Options.enable_pipelined_write: 0
2022/06/28-01:44:22.499403 37cc                  Options.unordered_write: 0
2022/06/28-01:44:22.499410 37cc         Options.allow_concurrent_memtable_write: 1
2022/06/28-01:44:22.499418 37cc      Options.enable_write_thread_adaptive_yield: 1
2022/06/28-01:44:22.499425 37cc             Options.write_thread_max_yield_usec: 100
2022/06/28-01:44:22.499432 37cc            Options.write_thread_slow_yield_usec: 3
2022/06/28-01:44:22.499439 37cc                               Options.row_cache: None
2022/06/28-01:44:22.499446 37cc                              Options.wal_filter: None
2022/06/28-01:44:22.499453 37cc             Options.avoid_flush_during_recovery: 0
2022/06/28-01:44:22.499460 37cc             Options.allow_ingest_behind: 0
2022/06/28-01:44:22.499467 37cc             Options.preserve_deletes: 0
2022/06/28-01:44:22.499473 37cc             Options.two_write_queues: 0
2022/06/28-01:44:22.499480 37cc             Options.manual_wal_flush: 0
2022/06/28-01:44:22.499487 37cc             Options.atomic_flush: 0
2022/06/28-01:44:22.499493 37cc             Options.avoid_unnecessary_blocking_io: 0
2022/06/28-01:44:22.499501 37cc                 Options.persist_stats_to_disk: 0
2022/06/28-01:44:22.499508 37cc                 Options.write_dbid_to_manifest: 0
2022/06/28-01:44:22.499515 37cc                 Options.log_readahead_size: 0
2022/06/28-01:44:22.499522 37cc                 Options.file_checksum_gen_factory: Unknown
2022/06/28-01:44:22.499529 37cc                 Options.best_efforts_recovery: 0
2022/06/28-01:44:22.499536 37cc                Options.max_bgerror_resume_count: 2147483647
2022/06/28-01:44:22.499543 37cc            Options.bgerror_resume_retry_interval: 1000000
2022/06/28-01:44:22.499550 37cc             Options.allow_data_in_errors: 0
2022/06/28-01:44:22.499557 37cc             Options.db_host_id: __hostname__
2022/06/28-01:44:22.499563 37cc             Options.max_background_jobs: 2
2022/06/28-01:44:22.499570 37cc             Options.max_background_compactions: -1
2022/06/28-01:44:22.499577 37cc             Options.max_subcompactions: 1
2022/06/28-01:44:22.499586 37cc             Options.avoid_flush_during_shutdown: 0
2022/06/28-01:44:22.499593 37cc           Options.writable_file_max_buffer_size: 1048576
2022/06/28-01:44:22.499600 37cc             Options.delayed_write_rate : 16777216
2022/06/28-01:44:22.499607 37cc             Options.max_total_wal_size: 0
2022/06/28-01:44:22.499614 37cc             Options.delete_obsolete_files_period_micros: 21600000000
2022/06/28-01:44:22.499621 37cc                   Options.stats_dump_period_sec: 0
2022/06/28-01:44:22.499628 37cc                 Options.stats_persist_period_sec: 0
2022/06/28-01:44:22.499635 37cc                 Options.stats_history_buffer_size: 65536
2022/06/28-01:44:22.499642 37cc                          Options.max_open_files: -1
2022/06/28-01:44:22.499650 37cc                          Options.bytes_per_sync: 0
2022/06/28-01:44:22.499656 37cc                      Options.wal_bytes_per_sync: 0
2022/06/28-01:44:22.499663 37cc                   Options.strict_bytes_per_sync: 0
2022/06/28-01:44:22.499670 37cc       Options.compaction_readahead_size: 0
2022/06/28-01:44:22.499677 37cc                  Options.max_background_flushes: -1
2022/06/28-01:44:22.499684 37cc Compression algorithms supported:
2022/06/28-01:44:22.499691 37cc 	kZSTD supported: 1
2022/06/28-01:44:22.499697 37cc 	kSnappyCompression supported: 1
2022/06/28-01:44:22.499704 37cc 	kBZip2Compression supported: 0
2022/06/28-01:44:22.499710 37cc 	kZlibCompression supported: 1
2022/06/28-01:44:22.499716 37cc 	kLZ4Compression supported: 1
2022/06/28-01:44:22.500812 37cc 	kXpressCompression supported: 0
2022/06/28-01:44:22.500823 37cc 	kLZ4HCCompression supported: 1
2022/06/28-01:44:22.500828 37cc 	kZSTDNotFinalCompression supported: 1
2022/06/28-01:44:22.500835 37cc Fast CRC32 supported: Supported on x86
2022/06/28-01:44:22.510273 37cc [db\version_set.cc:4848] Recovering from manifest file: D:\Hive\hivemq-4.8.0\data\persistence\client_events\040000_R\client_events_25/MANIFEST-000103
2022/06/28-01:44:22.515565 37cc [db\column_family.cc:611] --------------- Options for column family [default]:
2022/06/28-01:44:22.515582 37cc               Options.comparator: leveldb.BytewiseComparator
2022/06/28-01:44:22.515590 37cc           Options.merge_operator: StringAppendOperator
2022/06/28-01:44:22.515597 37cc        Options.compaction_filter: None
2022/06/28-01:44:22.515604 37cc        Options.compaction_filter_factory: None
2022/06/28-01:44:22.515611 37cc  Options.sst_partitioner_factory: None
2022/06/28-01:44:22.515619 37cc         Options.memtable_factory: SkipListFactory
2022/06/28-01:44:22.515625 37cc            Options.table_factory: BlockBasedTable
2022/06/28-01:44:22.515667 37cc            table_factory options:   flush_block_policy_factory: FlushBlockBySizePolicyFactory (0000019855231E30)
  cache_index_and_filter_blocks: 0
  cache_index_and_filter_blocks_with_high_priority: 1
  pin_l0_filter_and_index_blocks_in_cache: 0
  pin_top_level_index_and_filter: 1
  index_type: 0
  data_block_index_type: 0
  index_shortening: 1
  data_block_hash_table_util_ratio: 0.750000
  hash_index_allow_collision: 1
  checksum: 1
  no_block_cache: 0
  block_cache: 0000019855CBD490
  block_cache_name: LRUCache
  block_cache_options:
    capacity : 133005760
    num_shard_bits : 6
    strict_capacity_limit : 0
    memory_allocator : None
    high_pri_pool_ratio: 0.000
  block_cache_compressed: 0000000000000000
  persistent_cache: 0000000000000000
  block_size: 32768
  block_size_deviation: 10
  block_restart_interval: 16
  index_block_restart_interval: 1
  metadata_block_size: 4096
  partition_filters: 0
  use_delta_encoding: 1
  filter_policy: nullptr
  whole_key_filtering: 1
  verify_compression: 0
  read_amp_bytes_per_bit: 0
  format_version: 5
  enable_index_compression: 1
  block_align: 0
  max_auto_readahead_size: 262144
  prepopulate_block_cache: 0
2022/06/28-01:44:22.515675 37cc        Options.write_buffer_size: 2078215
2022/06/28-01:44:22.515682 37cc  Options.max_write_buffer_number: 2
2022/06/28-01:44:22.515688 37cc          Options.compression: Snappy
2022/06/28-01:44:22.515706 37cc                  Options.bottommost_compression: Disabled
2022/06/28-01:44:22.515718 37cc       Options.prefix_extractor: nullptr
2022/06/28-01:44:22.515725 37cc   Options.memtable_insert_with_hint_prefix_extractor: nullptr
2022/06/28-01:44:22.515732 37cc             Options.num_levels: 7
2022/06/28-01:44:22.515738 37cc        Options.min_write_buffer_number_to_merge: 1
2022/06/28-01:44:22.515744 37cc     Options.max_write_buffer_number_to_maintain: 0
2022/06/28-01:44:22.515751 37cc     Options.max_write_buffer_size_to_maintain: 0
2022/06/28-01:44:22.515758 37cc            Options.bottommost_compression_opts.window_bits: -14
2022/06/28-01:44:22.515765 37cc                  Options.bottommost_compression_opts.level: 32767
2022/06/28-01:44:22.515773 37cc               Options.bottommost_compression_opts.strategy: 0
2022/06/28-01:44:22.515780 37cc         Options.bottommost_compression_opts.max_dict_bytes: 0
2022/06/28-01:44:22.515787 37cc         Options.bottommost_compression_opts.zstd_max_train_bytes: 0
2022/06/28-01:44:22.515794 37cc         Options.bottommost_compression_opts.parallel_threads: 1
2022/06/28-01:44:22.515801 37cc                  Options.bottommost_compression_opts.enabled: false
2022/06/28-01:44:22.515807 37cc         Options.bottommost_compression_opts.max_dict_buffer_bytes: 0
2022/06/28-01:44:22.515815 37cc            Options.compression_opts.window_bits: -14
2022/06/28-01:44:22.515821 37cc                  Options.compression_opts.level: 32767
2022/06/28-01:44:22.515830 37cc               Options.compression_opts.strategy: 0
2022/06/28-01:44:22.515838 37cc         Options.compression_opts.max_dict_bytes: 0
2022/06/28-01:44:22.515844 37cc         Options.compression_opts.zstd_max_train_bytes: 0
2022/06/28-01:44:22.515850 37cc         Options.compression_opts.parallel_threads: 1
2022/06/28-01:44:22.515856 37cc                  Options.compression_opts.enabled: false
2022/06/28-01:44:22.515863 37cc         Options.compression_opts.max_dict_buffer_bytes: 0
2022/06/28-01:44:22.515870 37cc      Options.level0_file_num_compaction_trigger: 4
2022/06/28-01:44:22.515876 37cc          Options.level0_slowdown_writes_trigger: 20
2022/06/28-01:44:22.515883 37cc              Options.level0_stop_writes_trigger: 36
2022/06/28-01:44:22.515890 37cc                   Options.target_file_size_base: 67108864
2022/06/28-01:44:22.515896 37cc             Options.target_file_size_multiplier: 1
2022/06/28-01:44:22.515903 37cc                Options.max_bytes_for_level_base: 268435456
2022/06/28-01:44:22.515910 37cc Options.level_compaction_dynamic_level_bytes: 0
2022/06/28-01:44:22.515918 37cc          Options.max_bytes_for_level_multiplier: 10.000000
2022/06/28-01:44:22.515926 37cc Options.max_bytes_for_level_multiplier_addtl[0]: 1
2022/06/28-01:44:22.515933 37cc Options.max_bytes_for_level_multiplier_addtl[1]: 1
2022/06/28-01:44:22.515939 37cc Options.max_bytes_for_level_multiplier_addtl[2]: 1
2022/06/28-01:44:22.515945 37cc Options.max_bytes_for_level_multiplier_addtl[3]: 1
2022/06/28-01:44:22.515952 37cc Options.max_bytes_for_level_multiplier_addtl[4]: 1
2022/06/28-01:44:22.515959 37cc Options.max_bytes_for_level_multiplier_addtl[5]: 1
2022/06/28-01:44:22.515967 37cc Options.max_bytes_for_level_multiplier_addtl[6]: 1
2022/06/28-01:44:22.515975 37cc       Options.max_sequential_skip_in_iterations: 8
2022/06/28-01:44:22.515983 37cc                    Options.max_compaction_bytes: 1677721600
2022/06/28-01:44:22.515991 37cc                        Options.arena_block_size: 262144
2022/06/28-01:44:22.515998 37cc   Options.soft_pending_compaction_bytes_limit: 68719476736
2022/06/28-01:44:22.516005 37cc   Options.hard_pending_compaction_bytes_limit: 274877906944
2022/06/28-01:44:22.516013 37cc       Options.rate_limit_delay_max_milliseconds: 100
2022/06/28-01:44:22.516022 37cc                Options.disable_auto_compactions: 0
2022/06/28-01:44:22.516030 37cc                        Options.compaction_style: kCompactionStyleLevel
2022/06/28-01:44:22.516038 37cc                          Options.compaction_pri: kMinOverlappingRatio
2022/06/28-01:44:22.516048 37cc Options.compaction_options_universal.size_ratio: 1
2022/06/28-01:44:22.516059 37cc Options.compaction_options_universal.min_merge_width: 2
2022/06/28-01:44:22.516066 37cc Options.compaction_options_universal.max_merge_width: 4294967295
2022/06/28-01:44:22.516072 37cc Options.compaction_options_universal.max_size_amplification_percent: 200
2022/06/28-01:44:22.516080 37cc Options.compaction_options_universal.compression_size_percent: -1
2022/06/28-01:44:22.516087 37cc Options.compaction_options_universal.stop_style: kCompactionStopStyleTotalSize
2022/06/28-01:44:22.516095 37cc Options.compaction_options_fifo.max_table_files_size: 1073741824
2022/06/28-01:44:22.516101 37cc Options.compaction_options_fifo.allow_compaction: 0
2022/06/28-01:44:22.516132 37cc                   Options.table_properties_collectors: 
2022/06/28-01:44:22.516140 37cc                   Options.inplace_update_support: 0
2022/06/28-01:44:22.516148 37cc                 Options.inplace_update_num_locks: 10000
2022/06/28-01:44:22.516156 37cc               Options.memtable_prefix_bloom_size_ratio: 0.000000
2022/06/28-01:44:22.516164 37cc               Options.memtable_whole_key_filtering: 0
2022/06/28-01:44:22.516172 37cc   Options.memtable_huge_page_size: 0
2022/06/28-01:44:22.516179 37cc                           Options.bloom_locality: 0
2022/06/28-01:44:22.516186 37cc                    Options.max_successive_merges: 0
2022/06/28-01:44:22.516191 37cc                Options.optimize_filters_for_hits: 0
2022/06/28-01:44:22.572971 37cc                Options.paranoid_file_checks: 0
2022/06/28-01:44:22.572987 37cc                Options.force_consistency_checks: 1
2022/06/28-01:44:22.572995 37cc                Options.report_bg_io_stats: 0
2022/06/28-01:44:22.573002 37cc                               Options.ttl: 2592000
2022/06/28-01:44:22.573009 37cc          Options.periodic_compaction_seconds: 0
2022/06/28-01:44:22.573015 37cc                       Options.enable_blob_files: false
2022/06/28-01:44:22.573023 37cc                           Options.min_blob_size: 0
2022/06/28-01:44:22.573028 37cc                          Options.blob_file_size: 268435456
2022/06/28-01:44:22.573034 37cc                   Options.blob_compression_type: NoCompression
2022/06/28-01:44:22.573038 37cc          Options.enable_blob_garbage_collection: false
2022/06/28-01:44:22.573045 37cc      Options.blob_garbage_collection_age_cutoff: 0.250000
2022/06/28-01:44:22.573050 37cc Options.blob_garbage_collection_force_threshold: 1.000000
2022/06/28-01:44:22.806435 37cc [db\version_set.cc:4896] Recovered from manifest file:D:\Hive\hivemq-4.8.0\data\persistence\client_events\040000_R\client_events_25/MANIFEST-000103 succeeded,manifest_file_number is 103, next_file_number is 105, last_sequence is 456, log_number is 99,prev_log_number is 0,max_column_family is 0,min_log_number_to_keep is 0
2022/06/28-01:44:22.806451 37cc [db\version_set.cc:4905] Column family [default] (ID 0), log number is 99
2022/06/28-01:44:22.810881 37cc [db\version_set.cc:4386] Creating manifest 107
2022/06/28-01:44:23.286866 37cc EVENT_LOG_v1 {"time_micros": 1656369863286855, "job": 1, "event": "recovery_started", "wal_files": [104]}
2022/06/28-01:44:23.286882 37cc [db\db_impl\db_impl_open.cc:878] Recovering log #104 mode 2
2022/06/28-01:44:23.431171 37cc EVENT_LOG_v1 {"time_micros": 1656369863431134, "cf_name": "default", "job": 1, "event": "table_file_creation", "file_number": 108, "file_size": 1836, "file_checksum": "", "file_checksum_func_name": "Unknown", "table_properties": {"data_size": 0, "index_size": 13, "index_partitions": 0, "top_level_index_size": 0, "index_key_is_user_key": 1, "index_value_is_delta_encoded": 1, "filter_size": 0, "raw_key_size": 441, "raw_average_key_size": 21, "raw_value_size": 273, "raw_average_value_size": 13, "num_data_blocks": 0, "num_entries": 21, "num_filter_entries": 0, "num_deletions": 21, "num_merge_operands": 0, "num_range_deletions": 21, "format_version": 0, "fixed_key_len": 0, "filter_policy": "", "column_family_name": "default", "column_family_id": 0, "comparator": "leveldb.BytewiseComparator", "merge_operator": "StringAppendOperator", "prefix_extractor_name": "nullptr", "property_collectors": "[]", "compression": "Snappy", "compression_options": "window_bits=-14; level=32767; strategy=0; max_dict_bytes=0; zstd_max_train_bytes=0; enabled=0; max_dict_buffer_bytes=0; ", "creation_time": 1656369863, "oldest_key_time": 0, "file_creation_time": 0, "slow_compression_estimated_data_size": 0, "fast_compression_estimated_data_size": 0, "db_id": "8030336f-db3e-11ec-bbfc-0492261d99fd", "db_session_id": "WTU5DQ24EVCTR89QL859", "orig_file_number": 108}}
2022/06/28-01:44:23.431231 37cc [db\version_set.cc:4386] Creating manifest 109
2022/06/28-01:44:24.260210 37cc EVENT_LOG_v1 {"time_micros": 1656369864259774, "job": 1, "event": "recovery_finished"}
2022/06/28-01:44:24.263485 37cc [file\delete_scheduler.cc:77] Deleted file D:\Hive\hivemq-4.8.0\data\persistence\client_events\040000_R\client_events_25/000104.log immediately, rate_bytes_per_sec 0, total_trash_size 0 max_trash_db_ratio 0.250000
2022/06/28-01:44:24.861740 37cc [db\db_impl\db_impl_open.cc:1787] SstFileManager instance 000001985561C720
2022/06/28-01:44:24.865699 37cc DB pointer 0000019857516260
2022/06/28-01:44:45.332152 6910 [db\compaction\compaction_job.cc:2221] [default] [JOB 3] Compacting 4@0 files to L1, score 1.00
2022/06/28-01:44:45.332163 6910 [db\compaction\compaction_job.cc:2225] [default] Compaction start summary: Base version 3 Base level 0, inputs: [108(1836B) 102(1302B) 96(4460B) 90(6431B)]
2022/06/28-01:44:45.332180 6910 EVENT_LOG_v1 {"time_micros": 1656369885332170, "job": 3, "event": "compaction_started", "compaction_reason": "LevelL0FilesNum", "files_L0": [108, 102, 96, 90], "score": 1, "input_data_size": 14029}
2022/06/28-01:44:45.513012 6910 EVENT_LOG_v1 {"time_micros": 1656369885512975, "cf_name": "default", "job": 3, "event": "table_file_creation", "file_number": 0, "file_size": 0, "file_checksum": "", "file_checksum_func_name": "Unknown", "table_properties": {"data_size": 0, "index_size": 13, "index_partitions": 0, "top_level_index_size": 0, "index_key_is_user_key": 1, "index_value_is_delta_encoded": 1, "filter_size": 0, "raw_key_size": 0, "raw_average_key_size": 0, "raw_value_size": 0, "raw_average_value_size": 0, "num_data_blocks": 0, "num_entries": 0, "num_filter_entries": 0, "num_deletions": 0, "num_merge_operands": 0, "num_range_deletions": 0, "format_version": 0, "fixed_key_len": 0, "filter_policy": "", "column_family_name": "default", "column_family_id": 0, "comparator": "leveldb.BytewiseComparator", "merge_operator": "StringAppendOperator", "prefix_extractor_name": "nullptr", "property_collectors": "[]", "compression": "Snappy", "compression_options": "window_bits=-14; level=32767; strategy=0; max_dict_bytes=0; zstd_max_train_bytes=0; enabled=0; max_dict_buffer_bytes=0; ", "creation_time": 1656182768, "oldest_key_time": 0, "file_creation_time": 1656369885, "slow_compression_estimated_data_size": 0, "fast_compression_estimated_data_size": 0, "db_id": "8030336f-db3e-11ec-bbfc-0492261d99fd", "db_session_id": "WTU5DQ24EVCTR89QL859", "orig_file_number": 113}}
2022/06/28-01:44:45.513048 6910 [db\compaction\compaction_job.cc:1898] [default] [JOB 3] Compacted 4@0 files to L1 => 959 bytes
2022/06/28-01:44:45.683998 6910 (Original Log Time 2022/06/28-01:44:45.683929) [db\compaction\compaction_job.cc:875] [default] compacted to: files[0 0 0 0 0 0 0] max score 0.00, MB/sec: 0.1 rd, 0.0 wr, level 1, files in(4, 0) out(0 +0 blob) MB in(0.0, 0.0 +0.0 blob) out(0.0 +0.0 blob), read-write-amplify(1.1) write-amplify(0.1) OK, records in: 247, records dropped: 247 output_compression: Snappy
2022/06/28-01:44:45.684022 6910 (Original Log Time 2022/06/28-01:44:45.683964) EVENT_LOG_v1 {"time_micros": 1656369885683943, "job": 3, "event": "compaction_finished", "compaction_time_micros": 180856, "compaction_time_cpu_micros": 0, "output_level": 1, "num_output_files": 0, "total_output_size": 959, "num_input_records": 247, "num_output_records": 0, "num_subcompactions": 1, "output_compression": "Snappy", "num_single_delete_mismatches": 0, "num_single_delete_fallthrough": 0, "lsm_state": [0, 0, 0, 0, 0, 0, 0]}
2022/06/28-01:44:45.684270 6910 [file\delete_scheduler.cc:77] Deleted file D:\Hive\hivemq-4.8.0\data\persistence\client_events\040000_R\client_events_25/000108.sst immediately, rate_bytes_per_sec 0, total_trash_size 0 max_trash_db_ratio 0.250000
2022/06/28-01:44:45.684288 6910 EVENT_LOG_v1 {"time_micros": 1656369885684282, "job": 3, "event": "table_file_deletion", "file_number": 108}
2022/06/28-01:44:45.684430 6910 [file\delete_scheduler.cc:77] Deleted file D:\Hive\hivemq-4.8.0\data\persistence\client_events\040000_R\client_events_25/000102.sst immediately, rate_bytes_per_sec 0, total_trash_size 0 max_trash_db_ratio 0.250000
2022/06/28-01:44:45.684445 6910 EVENT_LOG_v1 {"time_micros": 1656369885684441, "job": 3, "event": "table_file_deletion", "file_number": 102}
2022/06/28-01:44:45.684603 6910 [file\delete_scheduler.cc:77] Deleted file D:\Hive\hivemq-4.8.0\data\persistence\client_events\040000_R\client_events_25/000096.sst immediately, rate_bytes_per_sec 0, total_trash_size 0 max_trash_db_ratio 0.250000
2022/06/28-01:44:45.684618 6910 EVENT_LOG_v1 {"time_micros": 1656369885684613, "job": 3, "event": "table_file_deletion", "file_number": 96}
2022/06/28-01:44:45.684741 6910 [file\delete_scheduler.cc:77] Deleted file D:\Hive\hivemq-4.8.0\data\persistence\client_events\040000_R\client_events_25/000090.sst immediately, rate_bytes_per_sec 0, total_trash_size 0 max_trash_db_ratio 0.250000
2022/06/28-01:44:45.684757 6910 EVENT_LOG_v1 {"time_micros": 1656369885684753, "job": 3, "event": "table_file_deletion", "file_number": 90}
