2022/06/28-01:44:22.446140 6ec RocksDB version: 6.26.1
2022/06/28-01:44:22.446187 6ec Git sha 4d57a393a8f1563c0dff1ff468756c23d89e3601
2022/06/28-01:44:22.446203 6ec Compile date 2021-11-22 13:08:56
2022/06/28-01:44:22.446217 6ec DB SUMMARY
2022/06/28-01:44:22.446231 6ec DB Session ID:  WTU5DQ24EVCTR89QL84X
2022/06/28-01:44:22.448016 6ec CURRENT file:  CURRENT
2022/06/28-01:44:22.448034 6ec IDENTITY file:  IDENTITY
2022/06/28-01:44:22.448148 6ec MANIFEST file:  MANIFEST-000103 size: 285 Bytes
2022/06/28-01:44:22.448164 6ec SST files in D:\Hive\hivemq-4.8.0\data\persistence\client_events\040000_R\client_events_22 dir, Total Num: 3, files: 000090.sst 000096.sst 000102.sst 
2022/06/28-01:44:22.448180 6ec Write Ahead Log file in D:\Hive\hivemq-4.8.0\data\persistence\client_events\040000_R\client_events_22: 000104.log size: 1008 ; 
2022/06/28-01:44:22.498677 6ec                         Options.error_if_exists: 0
2022/06/28-01:44:22.498686 6ec                       Options.create_if_missing: 1
2022/06/28-01:44:22.498693 6ec                         Options.paranoid_checks: 1
2022/06/28-01:44:22.498699 6ec             Options.flush_verify_memtable_count: 1
2022/06/28-01:44:22.498707 6ec                               Options.track_and_verify_wals_in_manifest: 0
2022/06/28-01:44:22.498715 6ec                                     Options.env: 000001985551AEC0
2022/06/28-01:44:22.498722 6ec                                      Options.fs: WinFS
2022/06/28-01:44:22.498730 6ec                                Options.info_log: 0000019857896060
2022/06/28-01:44:22.498771 6ec                Options.max_file_opening_threads: 16
2022/06/28-01:44:22.498780 6ec                              Options.statistics: 0000019855238810
2022/06/28-01:44:22.498788 6ec                               Options.use_fsync: 0
2022/06/28-01:44:22.498808 6ec                       Options.max_log_file_size: 512000
2022/06/28-01:44:22.498815 6ec                  Options.max_manifest_file_size: 1073741824
2022/06/28-01:44:22.498823 6ec                   Options.log_file_time_to_roll: 0
2022/06/28-01:44:22.498830 6ec                       Options.keep_log_file_num: 2
2022/06/28-01:44:22.498963 6ec                    Options.recycle_log_file_num: 0
2022/06/28-01:44:22.498979 6ec                         Options.allow_fallocate: 1
2022/06/28-01:44:22.498989 6ec                        Options.allow_mmap_reads: 0
2022/06/28-01:44:22.498997 6ec                       Options.allow_mmap_writes: 0
2022/06/28-01:44:22.499004 6ec                        Options.use_direct_reads: 0
2022/06/28-01:44:22.499019 6ec                        Options.use_direct_io_for_flush_and_compaction: 0
2022/06/28-01:44:22.499028 6ec          Options.create_missing_column_families: 0
2022/06/28-01:44:22.499036 6ec                              Options.db_log_dir: 
2022/06/28-01:44:22.500526 6ec                                 Options.wal_dir: 
2022/06/28-01:44:22.500534 6ec                Options.table_cache_numshardbits: 6
2022/06/28-01:44:22.500540 6ec                         Options.WAL_ttl_seconds: 0
2022/06/28-01:44:22.500545 6ec                       Options.WAL_size_limit_MB: 0
2022/06/28-01:44:22.500551 6ec                        Options.max_write_batch_group_size_bytes: 1048576
2022/06/28-01:44:22.500557 6ec             Options.manifest_preallocation_size: 4194304
2022/06/28-01:44:22.500562 6ec                     Options.is_fd_close_on_exec: 1
2022/06/28-01:44:22.500567 6ec                   Options.advise_random_on_open: 1
2022/06/28-01:44:22.500573 6ec                   Options.experimental_mempurge_threshold: 0.000000
2022/06/28-01:44:22.500579 6ec                    Options.db_write_buffer_size: 0
2022/06/28-01:44:22.500585 6ec                    Options.write_buffer_manager: 000001985653C540
2022/06/28-01:44:22.500590 6ec         Options.access_hint_on_compaction_start: 1
2022/06/28-01:44:22.500595 6ec  Options.new_table_reader_for_compaction_inputs: 0
2022/06/28-01:44:22.500601 6ec           Options.random_access_max_buffer_size: 1048576
2022/06/28-01:44:22.500606 6ec                      Options.use_adaptive_mutex: 0
2022/06/28-01:44:22.501003 6ec                            Options.rate_limiter: 0000000000000000
2022/06/28-01:44:22.501015 6ec     Options.sst_file_manager.rate_bytes_per_sec: 0
2022/06/28-01:44:22.501023 6ec                       Options.wal_recovery_mode: 2
2022/06/28-01:44:22.501031 6ec                  Options.enable_thread_tracking: 0
2022/06/28-01:44:22.501039 6ec                  Options.enable_pipelined_write: 0
2022/06/28-01:44:22.501046 6ec                  Options.unordered_write: 0
2022/06/28-01:44:22.501053 6ec         Options.allow_concurrent_memtable_write: 1
2022/06/28-01:44:22.501060 6ec      Options.enable_write_thread_adaptive_yield: 1
2022/06/28-01:44:22.501067 6ec             Options.write_thread_max_yield_usec: 100
2022/06/28-01:44:22.501073 6ec            Options.write_thread_slow_yield_usec: 3
2022/06/28-01:44:22.501079 6ec                               Options.row_cache: None
2022/06/28-01:44:22.501084 6ec                              Options.wal_filter: None
2022/06/28-01:44:22.501090 6ec             Options.avoid_flush_during_recovery: 0
2022/06/28-01:44:22.501095 6ec             Options.allow_ingest_behind: 0
2022/06/28-01:44:22.501100 6ec             Options.preserve_deletes: 0
2022/06/28-01:44:22.501105 6ec             Options.two_write_queues: 0
2022/06/28-01:44:22.501111 6ec             Options.manual_wal_flush: 0
2022/06/28-01:44:22.501115 6ec             Options.atomic_flush: 0
2022/06/28-01:44:22.501120 6ec             Options.avoid_unnecessary_blocking_io: 0
2022/06/28-01:44:22.501126 6ec                 Options.persist_stats_to_disk: 0
2022/06/28-01:44:22.501131 6ec                 Options.write_dbid_to_manifest: 0
2022/06/28-01:44:22.501136 6ec                 Options.log_readahead_size: 0
2022/06/28-01:44:22.501141 6ec                 Options.file_checksum_gen_factory: Unknown
2022/06/28-01:44:22.501147 6ec                 Options.best_efforts_recovery: 0
2022/06/28-01:44:22.501152 6ec                Options.max_bgerror_resume_count: 2147483647
2022/06/28-01:44:22.501157 6ec            Options.bgerror_resume_retry_interval: 1000000
2022/06/28-01:44:22.501163 6ec             Options.allow_data_in_errors: 0
2022/06/28-01:44:22.501167 6ec             Options.db_host_id: __hostname__
2022/06/28-01:44:22.501173 6ec             Options.max_background_jobs: 2
2022/06/28-01:44:22.501178 6ec             Options.max_background_compactions: -1
2022/06/28-01:44:22.501183 6ec             Options.max_subcompactions: 1
2022/06/28-01:44:22.501188 6ec             Options.avoid_flush_during_shutdown: 0
2022/06/28-01:44:22.501194 6ec           Options.writable_file_max_buffer_size: 1048576
2022/06/28-01:44:22.501199 6ec             Options.delayed_write_rate : 16777216
2022/06/28-01:44:22.501204 6ec             Options.max_total_wal_size: 0
2022/06/28-01:44:22.501210 6ec             Options.delete_obsolete_files_period_micros: 21600000000
2022/06/28-01:44:22.501215 6ec                   Options.stats_dump_period_sec: 0
2022/06/28-01:44:22.501221 6ec                 Options.stats_persist_period_sec: 0
2022/06/28-01:44:22.501226 6ec                 Options.stats_history_buffer_size: 65536
2022/06/28-01:44:22.501231 6ec                          Options.max_open_files: -1
2022/06/28-01:44:22.501237 6ec                          Options.bytes_per_sync: 0
2022/06/28-01:44:22.501242 6ec                      Options.wal_bytes_per_sync: 0
2022/06/28-01:44:22.501248 6ec                   Options.strict_bytes_per_sync: 0
2022/06/28-01:44:22.501254 6ec       Options.compaction_readahead_size: 0
2022/06/28-01:44:22.501259 6ec                  Options.max_background_flushes: -1
2022/06/28-01:44:22.501264 6ec Compression algorithms supported:
2022/06/28-01:44:22.501270 6ec 	kZSTD supported: 1
2022/06/28-01:44:22.501275 6ec 	kSnappyCompression supported: 1
2022/06/28-01:44:22.501279 6ec 	kBZip2Compression supported: 0
2022/06/28-01:44:22.501284 6ec 	kZlibCompression supported: 1
2022/06/28-01:44:22.501289 6ec 	kLZ4Compression supported: 1
2022/06/28-01:44:22.501294 6ec 	kXpressCompression supported: 0
2022/06/28-01:44:22.501325 6ec 	kLZ4HCCompression supported: 1
2022/06/28-01:44:22.501333 6ec 	kZSTDNotFinalCompression supported: 1
2022/06/28-01:44:22.501339 6ec Fast CRC32 supported: Supported on x86
2022/06/28-01:44:22.514557 6ec [db\version_set.cc:4848] Recovering from manifest file: D:\Hive\hivemq-4.8.0\data\persistence\client_events\040000_R\client_events_22/MANIFEST-000103
2022/06/28-01:44:22.519497 6ec [db\column_family.cc:611] --------------- Options for column family [default]:
2022/06/28-01:44:22.519510 6ec               Options.comparator: leveldb.BytewiseComparator
2022/06/28-01:44:22.519516 6ec           Options.merge_operator: StringAppendOperator
2022/06/28-01:44:22.519523 6ec        Options.compaction_filter: None
2022/06/28-01:44:22.519535 6ec        Options.compaction_filter_factory: None
2022/06/28-01:44:22.519543 6ec  Options.sst_partitioner_factory: None
2022/06/28-01:44:22.519550 6ec         Options.memtable_factory: SkipListFactory
2022/06/28-01:44:22.519557 6ec            Options.table_factory: BlockBasedTable
2022/06/28-01:44:22.519591 6ec            table_factory options:   flush_block_policy_factory: FlushBlockBySizePolicyFactory (0000019855231E30)
  cache_index_and_filter_blocks: 0
  cache_index_and_filter_blocks_with_high_priority: 1
  pin_l0_filter_and_index_blocks_in_cache: 0
  pin_top_level_index_and_filter: 1
  index_type: 0
  data_block_index_type: 0
  index_shortening: 1
  data_block_hash_table_util_ratio: 0.750000
  hash_index_allow_collision: 1
  checksum: 1
  no_block_cache: 0
  block_cache: 0000019855CBD490
  block_cache_name: LRUCache
  block_cache_options:
    capacity : 133005760
    num_shard_bits : 6
    strict_capacity_limit : 0
    memory_allocator : None
    high_pri_pool_ratio: 0.000
  block_cache_compressed: 0000000000000000
  persistent_cache: 0000000000000000
  block_size: 32768
  block_size_deviation: 10
  block_restart_interval: 16
  index_block_restart_interval: 1
  metadata_block_size: 4096
  partition_filters: 0
  use_delta_encoding: 1
  filter_policy: nullptr
  whole_key_filtering: 1
  verify_compression: 0
  read_amp_bytes_per_bit: 0
  format_version: 5
  enable_index_compression: 1
  block_align: 0
  max_auto_readahead_size: 262144
  prepopulate_block_cache: 0
2022/06/28-01:44:22.519597 6ec        Options.write_buffer_size: 2078215
2022/06/28-01:44:22.519602 6ec  Options.max_write_buffer_number: 2
2022/06/28-01:44:22.519607 6ec          Options.compression: Snappy
2022/06/28-01:44:22.519615 6ec                  Options.bottommost_compression: Disabled
2022/06/28-01:44:22.519621 6ec       Options.prefix_extractor: nullptr
2022/06/28-01:44:22.519628 6ec   Options.memtable_insert_with_hint_prefix_extractor: nullptr
2022/06/28-01:44:22.519635 6ec             Options.num_levels: 7
2022/06/28-01:44:22.519640 6ec        Options.min_write_buffer_number_to_merge: 1
2022/06/28-01:44:22.519645 6ec     Options.max_write_buffer_number_to_maintain: 0
2022/06/28-01:44:22.519650 6ec     Options.max_write_buffer_size_to_maintain: 0
2022/06/28-01:44:22.519656 6ec            Options.bottommost_compression_opts.window_bits: -14
2022/06/28-01:44:22.519662 6ec                  Options.bottommost_compression_opts.level: 32767
2022/06/28-01:44:22.519667 6ec               Options.bottommost_compression_opts.strategy: 0
2022/06/28-01:44:22.519672 6ec         Options.bottommost_compression_opts.max_dict_bytes: 0
2022/06/28-01:44:22.519679 6ec         Options.bottommost_compression_opts.zstd_max_train_bytes: 0
2022/06/28-01:44:22.519684 6ec         Options.bottommost_compression_opts.parallel_threads: 1
2022/06/28-01:44:22.519695 6ec                  Options.bottommost_compression_opts.enabled: false
2022/06/28-01:44:22.519700 6ec         Options.bottommost_compression_opts.max_dict_buffer_bytes: 0
2022/06/28-01:44:22.519705 6ec            Options.compression_opts.window_bits: -14
2022/06/28-01:44:22.519710 6ec                  Options.compression_opts.level: 32767
2022/06/28-01:44:22.519715 6ec               Options.compression_opts.strategy: 0
2022/06/28-01:44:22.519720 6ec         Options.compression_opts.max_dict_bytes: 0
2022/06/28-01:44:22.573693 6ec         Options.compression_opts.zstd_max_train_bytes: 0
2022/06/28-01:44:22.573705 6ec         Options.compression_opts.parallel_threads: 1
2022/06/28-01:44:22.573712 6ec                  Options.compression_opts.enabled: false
2022/06/28-01:44:22.573719 6ec         Options.compression_opts.max_dict_buffer_bytes: 0
2022/06/28-01:44:22.573725 6ec      Options.level0_file_num_compaction_trigger: 4
2022/06/28-01:44:22.573732 6ec          Options.level0_slowdown_writes_trigger: 20
2022/06/28-01:44:22.573738 6ec              Options.level0_stop_writes_trigger: 36
2022/06/28-01:44:22.573745 6ec                   Options.target_file_size_base: 67108864
2022/06/28-01:44:22.573753 6ec             Options.target_file_size_multiplier: 1
2022/06/28-01:44:22.573760 6ec                Options.max_bytes_for_level_base: 268435456
2022/06/28-01:44:22.573767 6ec Options.level_compaction_dynamic_level_bytes: 0
2022/06/28-01:44:22.573774 6ec          Options.max_bytes_for_level_multiplier: 10.000000
2022/06/28-01:44:22.573781 6ec Options.max_bytes_for_level_multiplier_addtl[0]: 1
2022/06/28-01:44:22.573788 6ec Options.max_bytes_for_level_multiplier_addtl[1]: 1
2022/06/28-01:44:22.573795 6ec Options.max_bytes_for_level_multiplier_addtl[2]: 1
2022/06/28-01:44:22.573802 6ec Options.max_bytes_for_level_multiplier_addtl[3]: 1
2022/06/28-01:44:22.573809 6ec Options.max_bytes_for_level_multiplier_addtl[4]: 1
2022/06/28-01:44:22.573815 6ec Options.max_bytes_for_level_multiplier_addtl[5]: 1
2022/06/28-01:44:22.573822 6ec Options.max_bytes_for_level_multiplier_addtl[6]: 1
2022/06/28-01:44:22.573828 6ec       Options.max_sequential_skip_in_iterations: 8
2022/06/28-01:44:22.573835 6ec                    Options.max_compaction_bytes: 1677721600
2022/06/28-01:44:22.573842 6ec                        Options.arena_block_size: 262144
2022/06/28-01:44:22.573848 6ec   Options.soft_pending_compaction_bytes_limit: 68719476736
2022/06/28-01:44:22.573855 6ec   Options.hard_pending_compaction_bytes_limit: 274877906944
2022/06/28-01:44:22.573862 6ec       Options.rate_limit_delay_max_milliseconds: 100
2022/06/28-01:44:22.573869 6ec                Options.disable_auto_compactions: 0
2022/06/28-01:44:22.573876 6ec                        Options.compaction_style: kCompactionStyleLevel
2022/06/28-01:44:22.573883 6ec                          Options.compaction_pri: kMinOverlappingRatio
2022/06/28-01:44:22.573892 6ec Options.compaction_options_universal.size_ratio: 1
2022/06/28-01:44:22.573899 6ec Options.compaction_options_universal.min_merge_width: 2
2022/06/28-01:44:22.573906 6ec Options.compaction_options_universal.max_merge_width: 4294967295
2022/06/28-01:44:22.573913 6ec Options.compaction_options_universal.max_size_amplification_percent: 200
2022/06/28-01:44:22.573920 6ec Options.compaction_options_universal.compression_size_percent: -1
2022/06/28-01:44:22.573929 6ec Options.compaction_options_universal.stop_style: kCompactionStopStyleTotalSize
2022/06/28-01:44:22.573937 6ec Options.compaction_options_fifo.max_table_files_size: 1073741824
2022/06/28-01:44:22.573945 6ec Options.compaction_options_fifo.allow_compaction: 0
2022/06/28-01:44:22.574035 6ec                   Options.table_properties_collectors: 
2022/06/28-01:44:22.574043 6ec                   Options.inplace_update_support: 0
2022/06/28-01:44:22.574050 6ec                 Options.inplace_update_num_locks: 10000
2022/06/28-01:44:22.574058 6ec               Options.memtable_prefix_bloom_size_ratio: 0.000000
2022/06/28-01:44:22.574065 6ec               Options.memtable_whole_key_filtering: 0
2022/06/28-01:44:22.574072 6ec   Options.memtable_huge_page_size: 0
2022/06/28-01:44:22.574079 6ec                           Options.bloom_locality: 0
2022/06/28-01:44:22.574087 6ec                    Options.max_successive_merges: 0
2022/06/28-01:44:22.574093 6ec                Options.optimize_filters_for_hits: 0
2022/06/28-01:44:22.574099 6ec                Options.paranoid_file_checks: 0
2022/06/28-01:44:22.574105 6ec                Options.force_consistency_checks: 1
2022/06/28-01:44:22.574113 6ec                Options.report_bg_io_stats: 0
2022/06/28-01:44:22.574120 6ec                               Options.ttl: 2592000
2022/06/28-01:44:22.574127 6ec          Options.periodic_compaction_seconds: 0
2022/06/28-01:44:22.574134 6ec                       Options.enable_blob_files: false
2022/06/28-01:44:22.574140 6ec                           Options.min_blob_size: 0
2022/06/28-01:44:22.574146 6ec                          Options.blob_file_size: 268435456
2022/06/28-01:44:22.574152 6ec                   Options.blob_compression_type: NoCompression
2022/06/28-01:44:22.574159 6ec          Options.enable_blob_garbage_collection: false
2022/06/28-01:44:22.574167 6ec      Options.blob_garbage_collection_age_cutoff: 0.250000
2022/06/28-01:44:22.574175 6ec Options.blob_garbage_collection_force_threshold: 1.000000
2022/06/28-01:44:22.585259 6ec [db\version_set.cc:4896] Recovered from manifest file:D:\Hive\hivemq-4.8.0\data\persistence\client_events\040000_R\client_events_22/MANIFEST-000103 succeeded,manifest_file_number is 103, next_file_number is 105, last_sequence is 456, log_number is 99,prev_log_number is 0,max_column_family is 0,min_log_number_to_keep is 0
2022/06/28-01:44:22.585274 6ec [db\version_set.cc:4905] Column family [default] (ID 0), log number is 99
2022/06/28-01:44:22.588761 6ec [db\version_set.cc:4386] Creating manifest 107
2022/06/28-01:44:23.286464 6ec EVENT_LOG_v1 {"time_micros": 1656369863286371, "job": 1, "event": "recovery_started", "wal_files": [104]}
2022/06/28-01:44:23.286487 6ec [db\db_impl\db_impl_open.cc:878] Recovering log #104 mode 2
2022/06/28-01:44:23.424953 6ec EVENT_LOG_v1 {"time_micros": 1656369863424240, "cf_name": "default", "job": 1, "event": "table_file_creation", "file_number": 108, "file_size": 1836, "file_checksum": "", "file_checksum_func_name": "Unknown", "table_properties": {"data_size": 0, "index_size": 13, "index_partitions": 0, "top_level_index_size": 0, "index_key_is_user_key": 1, "index_value_is_delta_encoded": 1, "filter_size": 0, "raw_key_size": 441, "raw_average_key_size": 21, "raw_value_size": 273, "raw_average_value_size": 13, "num_data_blocks": 0, "num_entries": 21, "num_filter_entries": 0, "num_deletions": 21, "num_merge_operands": 0, "num_range_deletions": 21, "format_version": 0, "fixed_key_len": 0, "filter_policy": "", "column_family_name": "default", "column_family_id": 0, "comparator": "leveldb.BytewiseComparator", "merge_operator": "StringAppendOperator", "prefix_extractor_name": "nullptr", "property_collectors": "[]", "compression": "Snappy", "compression_options": "window_bits=-14; level=32767; strategy=0; max_dict_bytes=0; zstd_max_train_bytes=0; enabled=0; max_dict_buffer_bytes=0; ", "creation_time": 1656369863, "oldest_key_time": 0, "file_creation_time": 0, "slow_compression_estimated_data_size": 0, "fast_compression_estimated_data_size": 0, "db_id": "80303370-db3e-11ec-bbfc-0492261d99fd", "db_session_id": "WTU5DQ24EVCTR89QL84X", "orig_file_number": 108}}
2022/06/28-01:44:23.425021 6ec [db\version_set.cc:4386] Creating manifest 109
2022/06/28-01:44:24.242276 6ec EVENT_LOG_v1 {"time_micros": 1656369864242269, "job": 1, "event": "recovery_finished"}
2022/06/28-01:44:24.244588 6ec [file\delete_scheduler.cc:77] Deleted file D:\Hive\hivemq-4.8.0\data\persistence\client_events\040000_R\client_events_22/000104.log immediately, rate_bytes_per_sec 0, total_trash_size 0 max_trash_db_ratio 0.250000
2022/06/28-01:44:24.863902 6ec [db\db_impl\db_impl_open.cc:1787] SstFileManager instance 0000019857258EF0
2022/06/28-01:44:24.866709 6ec DB pointer 0000019855347250
2022/06/28-01:44:46.084168 6910 [db\compaction\compaction_job.cc:2221] [default] [JOB 3] Compacting 4@0 files to L1, score 1.00
2022/06/28-01:44:46.084180 6910 [db\compaction\compaction_job.cc:2225] [default] Compaction start summary: Base version 3 Base level 0, inputs: [108(1836B) 102(1302B) 96(4460B) 90(6431B)]
2022/06/28-01:44:46.084197 6910 EVENT_LOG_v1 {"time_micros": 1656369886084186, "job": 3, "event": "compaction_started", "compaction_reason": "LevelL0FilesNum", "files_L0": [108, 102, 96, 90], "score": 1, "input_data_size": 14029}
2022/06/28-01:44:46.262379 6910 EVENT_LOG_v1 {"time_micros": 1656369886262315, "cf_name": "default", "job": 3, "event": "table_file_creation", "file_number": 0, "file_size": 0, "file_checksum": "", "file_checksum_func_name": "Unknown", "table_properties": {"data_size": 0, "index_size": 13, "index_partitions": 0, "top_level_index_size": 0, "index_key_is_user_key": 1, "index_value_is_delta_encoded": 1, "filter_size": 0, "raw_key_size": 0, "raw_average_key_size": 0, "raw_value_size": 0, "raw_average_value_size": 0, "num_data_blocks": 0, "num_entries": 0, "num_filter_entries": 0, "num_deletions": 0, "num_merge_operands": 0, "num_range_deletions": 0, "format_version": 0, "fixed_key_len": 0, "filter_policy": "", "column_family_name": "default", "column_family_id": 0, "comparator": "leveldb.BytewiseComparator", "merge_operator": "StringAppendOperator", "prefix_extractor_name": "nullptr", "property_collectors": "[]", "compression": "Snappy", "compression_options": "window_bits=-14; level=32767; strategy=0; max_dict_bytes=0; zstd_max_train_bytes=0; enabled=0; max_dict_buffer_bytes=0; ", "creation_time": 1656182767, "oldest_key_time": 0, "file_creation_time": 1656369886, "slow_compression_estimated_data_size": 0, "fast_compression_estimated_data_size": 0, "db_id": "80303370-db3e-11ec-bbfc-0492261d99fd", "db_session_id": "WTU5DQ24EVCTR89QL84X", "orig_file_number": 113}}
2022/06/28-01:44:46.262425 6910 [db\compaction\compaction_job.cc:1898] [default] [JOB 3] Compacted 4@0 files to L1 => 959 bytes
2022/06/28-01:44:46.455362 6910 (Original Log Time 2022/06/28-01:44:46.455296) [db\compaction\compaction_job.cc:875] [default] compacted to: files[0 0 0 0 0 0 0] max score 0.00, MB/sec: 0.1 rd, 0.0 wr, level 1, files in(4, 0) out(0 +0 blob) MB in(0.0, 0.0 +0.0 blob) out(0.0 +0.0 blob), read-write-amplify(1.1) write-amplify(0.1) OK, records in: 247, records dropped: 247 output_compression: Snappy
2022/06/28-01:44:46.455383 6910 (Original Log Time 2022/06/28-01:44:46.455330) EVENT_LOG_v1 {"time_micros": 1656369886455309, "job": 3, "event": "compaction_finished", "compaction_time_micros": 178214, "compaction_time_cpu_micros": 0, "output_level": 1, "num_output_files": 0, "total_output_size": 959, "num_input_records": 247, "num_output_records": 0, "num_subcompactions": 1, "output_compression": "Snappy", "num_single_delete_mismatches": 0, "num_single_delete_fallthrough": 0, "lsm_state": [0, 0, 0, 0, 0, 0, 0]}
2022/06/28-01:44:46.455624 6910 [file\delete_scheduler.cc:77] Deleted file D:\Hive\hivemq-4.8.0\data\persistence\client_events\040000_R\client_events_22/000108.sst immediately, rate_bytes_per_sec 0, total_trash_size 0 max_trash_db_ratio 0.250000
2022/06/28-01:44:46.455641 6910 EVENT_LOG_v1 {"time_micros": 1656369886455637, "job": 3, "event": "table_file_deletion", "file_number": 108}
2022/06/28-01:44:46.455827 6910 [file\delete_scheduler.cc:77] Deleted file D:\Hive\hivemq-4.8.0\data\persistence\client_events\040000_R\client_events_22/000102.sst immediately, rate_bytes_per_sec 0, total_trash_size 0 max_trash_db_ratio 0.250000
2022/06/28-01:44:46.455848 6910 EVENT_LOG_v1 {"time_micros": 1656369886455842, "job": 3, "event": "table_file_deletion", "file_number": 102}
2022/06/28-01:44:46.455988 6910 [file\delete_scheduler.cc:77] Deleted file D:\Hive\hivemq-4.8.0\data\persistence\client_events\040000_R\client_events_22/000096.sst immediately, rate_bytes_per_sec 0, total_trash_size 0 max_trash_db_ratio 0.250000
2022/06/28-01:44:46.456003 6910 EVENT_LOG_v1 {"time_micros": 1656369886455999, "job": 3, "event": "table_file_deletion", "file_number": 96}
2022/06/28-01:44:46.456143 6910 [file\delete_scheduler.cc:77] Deleted file D:\Hive\hivemq-4.8.0\data\persistence\client_events\040000_R\client_events_22/000090.sst immediately, rate_bytes_per_sec 0, total_trash_size 0 max_trash_db_ratio 0.250000
2022/06/28-01:44:46.456159 6910 EVENT_LOG_v1 {"time_micros": 1656369886456154, "job": 3, "event": "table_file_deletion", "file_number": 90}
