2022/06/28-01:44:21.033662 3ed0 RocksDB version: 6.26.1
2022/06/28-01:44:21.033703 3ed0 Git sha 4d57a393a8f1563c0dff1ff468756c23d89e3601
2022/06/28-01:44:21.033719 3ed0 Compile date 2021-11-22 13:08:56
2022/06/28-01:44:21.033730 3ed0 DB SUMMARY
2022/06/28-01:44:21.033741 3ed0 DB Session ID:  WTU5DQ24EVCTR89QL84U
2022/06/28-01:44:21.037113 3ed0 CURRENT file:  CURRENT
2022/06/28-01:44:21.037145 3ed0 IDENTITY file:  IDENTITY
2022/06/28-01:44:21.037461 3ed0 MANIFEST file:  MANIFEST-000103 size: 285 Bytes
2022/06/28-01:44:21.037494 3ed0 SST files in D:\Hive\hivemq-4.8.0\data\persistence\client_events\040000_R\client_events_6 dir, Total Num: 3, files: 000090.sst 000096.sst 000102.sst 
2022/06/28-01:44:21.037513 3ed0 Write Ahead Log file in D:\Hive\hivemq-4.8.0\data\persistence\client_events\040000_R\client_events_6: 000104.log size: 1008 ; 
2022/06/28-01:44:21.394054 3ed0                         Options.error_if_exists: 0
2022/06/28-01:44:21.394065 3ed0                       Options.create_if_missing: 1
2022/06/28-01:44:21.394072 3ed0                         Options.paranoid_checks: 1
2022/06/28-01:44:21.394077 3ed0             Options.flush_verify_memtable_count: 1
2022/06/28-01:44:21.394083 3ed0                               Options.track_and_verify_wals_in_manifest: 0
2022/06/28-01:44:21.394089 3ed0                                     Options.env: 000001985551AEC0
2022/06/28-01:44:21.394147 3ed0                                      Options.fs: WinFS
2022/06/28-01:44:21.394159 3ed0                                Options.info_log: 000001985756C330
2022/06/28-01:44:21.394178 3ed0                Options.max_file_opening_threads: 16
2022/06/28-01:44:21.394191 3ed0                              Options.statistics: 0000019855238810
2022/06/28-01:44:21.394199 3ed0                               Options.use_fsync: 0
2022/06/28-01:44:21.394206 3ed0                       Options.max_log_file_size: 512000
2022/06/28-01:44:21.394212 3ed0                  Options.max_manifest_file_size: 1073741824
2022/06/28-01:44:21.394219 3ed0                   Options.log_file_time_to_roll: 0
2022/06/28-01:44:21.394224 3ed0                       Options.keep_log_file_num: 2
2022/06/28-01:44:21.394230 3ed0                    Options.recycle_log_file_num: 0
2022/06/28-01:44:21.394235 3ed0                         Options.allow_fallocate: 1
2022/06/28-01:44:21.394241 3ed0                        Options.allow_mmap_reads: 0
2022/06/28-01:44:21.394246 3ed0                       Options.allow_mmap_writes: 0
2022/06/28-01:44:21.394251 3ed0                        Options.use_direct_reads: 0
2022/06/28-01:44:21.394258 3ed0                        Options.use_direct_io_for_flush_and_compaction: 0
2022/06/28-01:44:21.394266 3ed0          Options.create_missing_column_families: 0
2022/06/28-01:44:21.394272 3ed0                              Options.db_log_dir: 
2022/06/28-01:44:21.394279 3ed0                                 Options.wal_dir: 
2022/06/28-01:44:21.394286 3ed0                Options.table_cache_numshardbits: 6
2022/06/28-01:44:21.394293 3ed0                         Options.WAL_ttl_seconds: 0
2022/06/28-01:44:21.394299 3ed0                       Options.WAL_size_limit_MB: 0
2022/06/28-01:44:21.394306 3ed0                        Options.max_write_batch_group_size_bytes: 1048576
2022/06/28-01:44:21.394312 3ed0             Options.manifest_preallocation_size: 4194304
2022/06/28-01:44:21.394319 3ed0                     Options.is_fd_close_on_exec: 1
2022/06/28-01:44:21.394326 3ed0                   Options.advise_random_on_open: 1
2022/06/28-01:44:21.394332 3ed0                   Options.experimental_mempurge_threshold: 0.000000
2022/06/28-01:44:21.394339 3ed0                    Options.db_write_buffer_size: 0
2022/06/28-01:44:21.394346 3ed0                    Options.write_buffer_manager: 0000019855CE2300
2022/06/28-01:44:21.394353 3ed0         Options.access_hint_on_compaction_start: 1
2022/06/28-01:44:21.394359 3ed0  Options.new_table_reader_for_compaction_inputs: 0
2022/06/28-01:44:21.394366 3ed0           Options.random_access_max_buffer_size: 1048576
2022/06/28-01:44:21.394371 3ed0                      Options.use_adaptive_mutex: 0
2022/06/28-01:44:21.400426 3ed0                            Options.rate_limiter: 0000000000000000
2022/06/28-01:44:21.400439 3ed0     Options.sst_file_manager.rate_bytes_per_sec: 0
2022/06/28-01:44:21.400445 3ed0                       Options.wal_recovery_mode: 2
2022/06/28-01:44:21.400451 3ed0                  Options.enable_thread_tracking: 0
2022/06/28-01:44:21.400456 3ed0                  Options.enable_pipelined_write: 0
2022/06/28-01:44:21.400462 3ed0                  Options.unordered_write: 0
2022/06/28-01:44:21.400467 3ed0         Options.allow_concurrent_memtable_write: 1
2022/06/28-01:44:21.400472 3ed0      Options.enable_write_thread_adaptive_yield: 1
2022/06/28-01:44:21.400478 3ed0             Options.write_thread_max_yield_usec: 100
2022/06/28-01:44:21.401043 3ed0            Options.write_thread_slow_yield_usec: 3
2022/06/28-01:44:21.401561 3ed0                               Options.row_cache: None
2022/06/28-01:44:21.401568 3ed0                              Options.wal_filter: None
2022/06/28-01:44:21.401628 3ed0             Options.avoid_flush_during_recovery: 0
2022/06/28-01:44:21.401633 3ed0             Options.allow_ingest_behind: 0
2022/06/28-01:44:21.401638 3ed0             Options.preserve_deletes: 0
2022/06/28-01:44:21.401643 3ed0             Options.two_write_queues: 0
2022/06/28-01:44:21.401648 3ed0             Options.manual_wal_flush: 0
2022/06/28-01:44:21.401657 3ed0             Options.atomic_flush: 0
2022/06/28-01:44:21.401664 3ed0             Options.avoid_unnecessary_blocking_io: 0
2022/06/28-01:44:21.401671 3ed0                 Options.persist_stats_to_disk: 0
2022/06/28-01:44:21.401677 3ed0                 Options.write_dbid_to_manifest: 0
2022/06/28-01:44:21.401684 3ed0                 Options.log_readahead_size: 0
2022/06/28-01:44:21.402751 3ed0                 Options.file_checksum_gen_factory: Unknown
2022/06/28-01:44:21.402758 3ed0                 Options.best_efforts_recovery: 0
2022/06/28-01:44:21.402764 3ed0                Options.max_bgerror_resume_count: 2147483647
2022/06/28-01:44:21.402770 3ed0            Options.bgerror_resume_retry_interval: 1000000
2022/06/28-01:44:21.402776 3ed0             Options.allow_data_in_errors: 0
2022/06/28-01:44:21.402781 3ed0             Options.db_host_id: __hostname__
2022/06/28-01:44:21.402787 3ed0             Options.max_background_jobs: 2
2022/06/28-01:44:21.402792 3ed0             Options.max_background_compactions: -1
2022/06/28-01:44:21.402798 3ed0             Options.max_subcompactions: 1
2022/06/28-01:44:21.402803 3ed0             Options.avoid_flush_during_shutdown: 0
2022/06/28-01:44:21.402809 3ed0           Options.writable_file_max_buffer_size: 1048576
2022/06/28-01:44:21.402814 3ed0             Options.delayed_write_rate : 16777216
2022/06/28-01:44:21.402820 3ed0             Options.max_total_wal_size: 0
2022/06/28-01:44:21.402825 3ed0             Options.delete_obsolete_files_period_micros: 21600000000
2022/06/28-01:44:21.402832 3ed0                   Options.stats_dump_period_sec: 0
2022/06/28-01:44:21.402837 3ed0                 Options.stats_persist_period_sec: 0
2022/06/28-01:44:21.402843 3ed0                 Options.stats_history_buffer_size: 65536
2022/06/28-01:44:21.402848 3ed0                          Options.max_open_files: -1
2022/06/28-01:44:21.402854 3ed0                          Options.bytes_per_sync: 0
2022/06/28-01:44:21.402860 3ed0                      Options.wal_bytes_per_sync: 0
2022/06/28-01:44:21.402866 3ed0                   Options.strict_bytes_per_sync: 0
2022/06/28-01:44:21.402871 3ed0       Options.compaction_readahead_size: 0
2022/06/28-01:44:21.402877 3ed0                  Options.max_background_flushes: -1
2022/06/28-01:44:21.402883 3ed0 Compression algorithms supported:
2022/06/28-01:44:21.402888 3ed0 	kZSTD supported: 1
2022/06/28-01:44:21.402893 3ed0 	kSnappyCompression supported: 1
2022/06/28-01:44:21.402899 3ed0 	kBZip2Compression supported: 0
2022/06/28-01:44:21.402904 3ed0 	kZlibCompression supported: 1
2022/06/28-01:44:21.402909 3ed0 	kLZ4Compression supported: 1
2022/06/28-01:44:21.403620 3ed0 	kXpressCompression supported: 0
2022/06/28-01:44:21.403629 3ed0 	kLZ4HCCompression supported: 1
2022/06/28-01:44:21.403634 3ed0 	kZSTDNotFinalCompression supported: 1
2022/06/28-01:44:21.403639 3ed0 Fast CRC32 supported: Supported on x86
2022/06/28-01:44:21.412095 3ed0 [db\version_set.cc:4848] Recovering from manifest file: D:\Hive\hivemq-4.8.0\data\persistence\client_events\040000_R\client_events_6/MANIFEST-000103
2022/06/28-01:44:21.422071 3ed0 [db\column_family.cc:611] --------------- Options for column family [default]:
2022/06/28-01:44:21.422087 3ed0               Options.comparator: leveldb.BytewiseComparator
2022/06/28-01:44:21.422098 3ed0           Options.merge_operator: StringAppendOperator
2022/06/28-01:44:21.422107 3ed0        Options.compaction_filter: None
2022/06/28-01:44:21.422114 3ed0        Options.compaction_filter_factory: None
2022/06/28-01:44:21.422120 3ed0  Options.sst_partitioner_factory: None
2022/06/28-01:44:21.422132 3ed0         Options.memtable_factory: SkipListFactory
2022/06/28-01:44:21.422139 3ed0            Options.table_factory: BlockBasedTable
2022/06/28-01:44:21.422193 3ed0            table_factory options:   flush_block_policy_factory: FlushBlockBySizePolicyFactory (0000019855231E30)
  cache_index_and_filter_blocks: 0
  cache_index_and_filter_blocks_with_high_priority: 1
  pin_l0_filter_and_index_blocks_in_cache: 0
  pin_top_level_index_and_filter: 1
  index_type: 0
  data_block_index_type: 0
  index_shortening: 1
  data_block_hash_table_util_ratio: 0.750000
  hash_index_allow_collision: 1
  checksum: 1
  no_block_cache: 0
  block_cache: 0000019855CBD490
  block_cache_name: LRUCache
  block_cache_options:
    capacity : 133005760
    num_shard_bits : 6
    strict_capacity_limit : 0
    memory_allocator : None
    high_pri_pool_ratio: 0.000
  block_cache_compressed: 0000000000000000
  persistent_cache: 0000000000000000
  block_size: 32768
  block_size_deviation: 10
  block_restart_interval: 16
  index_block_restart_interval: 1
  metadata_block_size: 4096
  partition_filters: 0
  use_delta_encoding: 1
  filter_policy: nullptr
  whole_key_filtering: 1
  verify_compression: 0
  read_amp_bytes_per_bit: 0
  format_version: 5
  enable_index_compression: 1
  block_align: 0
  max_auto_readahead_size: 262144
  prepopulate_block_cache: 0
2022/06/28-01:44:21.422204 3ed0        Options.write_buffer_size: 2078215
2022/06/28-01:44:21.422211 3ed0  Options.max_write_buffer_number: 2
2022/06/28-01:44:21.422217 3ed0          Options.compression: Snappy
2022/06/28-01:44:21.422224 3ed0                  Options.bottommost_compression: Disabled
2022/06/28-01:44:21.422231 3ed0       Options.prefix_extractor: nullptr
2022/06/28-01:44:21.422238 3ed0   Options.memtable_insert_with_hint_prefix_extractor: nullptr
2022/06/28-01:44:21.422245 3ed0             Options.num_levels: 7
2022/06/28-01:44:21.422253 3ed0        Options.min_write_buffer_number_to_merge: 1
2022/06/28-01:44:21.422261 3ed0     Options.max_write_buffer_number_to_maintain: 0
2022/06/28-01:44:21.422268 3ed0     Options.max_write_buffer_size_to_maintain: 0
2022/06/28-01:44:21.422276 3ed0            Options.bottommost_compression_opts.window_bits: -14
2022/06/28-01:44:21.422283 3ed0                  Options.bottommost_compression_opts.level: 32767
2022/06/28-01:44:21.422291 3ed0               Options.bottommost_compression_opts.strategy: 0
2022/06/28-01:44:21.422298 3ed0         Options.bottommost_compression_opts.max_dict_bytes: 0
2022/06/28-01:44:21.422304 3ed0         Options.bottommost_compression_opts.zstd_max_train_bytes: 0
2022/06/28-01:44:21.422311 3ed0         Options.bottommost_compression_opts.parallel_threads: 1
2022/06/28-01:44:21.422317 3ed0                  Options.bottommost_compression_opts.enabled: false
2022/06/28-01:44:21.422326 3ed0         Options.bottommost_compression_opts.max_dict_buffer_bytes: 0
2022/06/28-01:44:21.422332 3ed0            Options.compression_opts.window_bits: -14
2022/06/28-01:44:21.422338 3ed0                  Options.compression_opts.level: 32767
2022/06/28-01:44:21.422345 3ed0               Options.compression_opts.strategy: 0
2022/06/28-01:44:21.422352 3ed0         Options.compression_opts.max_dict_bytes: 0
2022/06/28-01:44:21.422358 3ed0         Options.compression_opts.zstd_max_train_bytes: 0
2022/06/28-01:44:21.422363 3ed0         Options.compression_opts.parallel_threads: 1
2022/06/28-01:44:21.422370 3ed0                  Options.compression_opts.enabled: false
2022/06/28-01:44:21.422379 3ed0         Options.compression_opts.max_dict_buffer_bytes: 0
2022/06/28-01:44:21.422387 3ed0      Options.level0_file_num_compaction_trigger: 4
2022/06/28-01:44:21.422395 3ed0          Options.level0_slowdown_writes_trigger: 20
2022/06/28-01:44:21.422403 3ed0              Options.level0_stop_writes_trigger: 36
2022/06/28-01:44:21.422409 3ed0                   Options.target_file_size_base: 67108864
2022/06/28-01:44:21.422416 3ed0             Options.target_file_size_multiplier: 1
2022/06/28-01:44:21.422423 3ed0                Options.max_bytes_for_level_base: 268435456
2022/06/28-01:44:21.422430 3ed0 Options.level_compaction_dynamic_level_bytes: 0
2022/06/28-01:44:21.422436 3ed0          Options.max_bytes_for_level_multiplier: 10.000000
2022/06/28-01:44:21.422444 3ed0 Options.max_bytes_for_level_multiplier_addtl[0]: 1
2022/06/28-01:44:21.422451 3ed0 Options.max_bytes_for_level_multiplier_addtl[1]: 1
2022/06/28-01:44:21.422458 3ed0 Options.max_bytes_for_level_multiplier_addtl[2]: 1
2022/06/28-01:44:21.422466 3ed0 Options.max_bytes_for_level_multiplier_addtl[3]: 1
2022/06/28-01:44:21.422473 3ed0 Options.max_bytes_for_level_multiplier_addtl[4]: 1
2022/06/28-01:44:21.422480 3ed0 Options.max_bytes_for_level_multiplier_addtl[5]: 1
2022/06/28-01:44:21.422487 3ed0 Options.max_bytes_for_level_multiplier_addtl[6]: 1
2022/06/28-01:44:21.422495 3ed0       Options.max_sequential_skip_in_iterations: 8
2022/06/28-01:44:21.422502 3ed0                    Options.max_compaction_bytes: 1677721600
2022/06/28-01:44:21.422509 3ed0                        Options.arena_block_size: 262144
2022/06/28-01:44:21.422516 3ed0   Options.soft_pending_compaction_bytes_limit: 68719476736
2022/06/28-01:44:21.422523 3ed0   Options.hard_pending_compaction_bytes_limit: 274877906944
2022/06/28-01:44:21.422530 3ed0       Options.rate_limit_delay_max_milliseconds: 100
2022/06/28-01:44:21.422538 3ed0                Options.disable_auto_compactions: 0
2022/06/28-01:44:21.422545 3ed0                        Options.compaction_style: kCompactionStyleLevel
2022/06/28-01:44:21.422553 3ed0                          Options.compaction_pri: kMinOverlappingRatio
2022/06/28-01:44:21.422560 3ed0 Options.compaction_options_universal.size_ratio: 1
2022/06/28-01:44:21.422567 3ed0 Options.compaction_options_universal.min_merge_width: 2
2022/06/28-01:44:21.422573 3ed0 Options.compaction_options_universal.max_merge_width: 4294967295
2022/06/28-01:44:21.422580 3ed0 Options.compaction_options_universal.max_size_amplification_percent: 200
2022/06/28-01:44:21.422587 3ed0 Options.compaction_options_universal.compression_size_percent: -1
2022/06/28-01:44:21.422595 3ed0 Options.compaction_options_universal.stop_style: kCompactionStopStyleTotalSize
2022/06/28-01:44:21.422605 3ed0 Options.compaction_options_fifo.max_table_files_size: 1073741824
2022/06/28-01:44:21.422612 3ed0 Options.compaction_options_fifo.allow_compaction: 0
2022/06/28-01:44:21.422621 3ed0                   Options.table_properties_collectors: 
2022/06/28-01:44:21.422628 3ed0                   Options.inplace_update_support: 0
2022/06/28-01:44:21.422635 3ed0                 Options.inplace_update_num_locks: 10000
2022/06/28-01:44:21.422643 3ed0               Options.memtable_prefix_bloom_size_ratio: 0.000000
2022/06/28-01:44:21.422649 3ed0               Options.memtable_whole_key_filtering: 0
2022/06/28-01:44:21.422656 3ed0   Options.memtable_huge_page_size: 0
2022/06/28-01:44:21.422663 3ed0                           Options.bloom_locality: 0
2022/06/28-01:44:21.422669 3ed0                    Options.max_successive_merges: 0
2022/06/28-01:44:21.422676 3ed0                Options.optimize_filters_for_hits: 0
2022/06/28-01:44:21.422719 3ed0                Options.paranoid_file_checks: 0
2022/06/28-01:44:21.422727 3ed0                Options.force_consistency_checks: 1
2022/06/28-01:44:21.422735 3ed0                Options.report_bg_io_stats: 0
2022/06/28-01:44:21.422742 3ed0                               Options.ttl: 2592000
2022/06/28-01:44:21.422748 3ed0          Options.periodic_compaction_seconds: 0
2022/06/28-01:44:21.422755 3ed0                       Options.enable_blob_files: false
2022/06/28-01:44:21.422763 3ed0                           Options.min_blob_size: 0
2022/06/28-01:44:21.422774 3ed0                          Options.blob_file_size: 268435456
2022/06/28-01:44:21.422782 3ed0                   Options.blob_compression_type: NoCompression
2022/06/28-01:44:21.422789 3ed0          Options.enable_blob_garbage_collection: false
2022/06/28-01:44:21.422798 3ed0      Options.blob_garbage_collection_age_cutoff: 0.250000
2022/06/28-01:44:21.422805 3ed0 Options.blob_garbage_collection_force_threshold: 1.000000
2022/06/28-01:44:21.462490 3ed0 [db\version_set.cc:4896] Recovered from manifest file:D:\Hive\hivemq-4.8.0\data\persistence\client_events\040000_R\client_events_6/MANIFEST-000103 succeeded,manifest_file_number is 103, next_file_number is 105, last_sequence is 456, log_number is 99,prev_log_number is 0,max_column_family is 0,min_log_number_to_keep is 0
2022/06/28-01:44:21.462515 3ed0 [db\version_set.cc:4905] Column family [default] (ID 0), log number is 99
2022/06/28-01:44:21.468308 3ed0 [db\version_set.cc:4386] Creating manifest 107
2022/06/28-01:44:22.512421 3ed0 EVENT_LOG_v1 {"time_micros": 1656369862512144, "job": 1, "event": "recovery_started", "wal_files": [104]}
2022/06/28-01:44:22.512436 3ed0 [db\db_impl\db_impl_open.cc:878] Recovering log #104 mode 2
2022/06/28-01:44:23.017321 3ed0 EVENT_LOG_v1 {"time_micros": 1656369863017283, "cf_name": "default", "job": 1, "event": "table_file_creation", "file_number": 108, "file_size": 1836, "file_checksum": "", "file_checksum_func_name": "Unknown", "table_properties": {"data_size": 0, "index_size": 13, "index_partitions": 0, "top_level_index_size": 0, "index_key_is_user_key": 1, "index_value_is_delta_encoded": 1, "filter_size": 0, "raw_key_size": 441, "raw_average_key_size": 21, "raw_value_size": 273, "raw_average_value_size": 13, "num_data_blocks": 0, "num_entries": 21, "num_filter_entries": 0, "num_deletions": 21, "num_merge_operands": 0, "num_range_deletions": 21, "format_version": 0, "fixed_key_len": 0, "filter_policy": "", "column_family_name": "default", "column_family_id": 0, "comparator": "leveldb.BytewiseComparator", "merge_operator": "StringAppendOperator", "prefix_extractor_name": "nullptr", "property_collectors": "[]", "compression": "Snappy", "compression_options": "window_bits=-14; level=32767; strategy=0; max_dict_bytes=0; zstd_max_train_bytes=0; enabled=0; max_dict_buffer_bytes=0; ", "creation_time": 1656369862, "oldest_key_time": 0, "file_creation_time": 0, "slow_compression_estimated_data_size": 0, "fast_compression_estimated_data_size": 0, "db_id": "79dc3507-db3e-11ec-bbfc-0492261d99fd", "db_session_id": "WTU5DQ24EVCTR89QL84U", "orig_file_number": 108}}
2022/06/28-01:44:23.017371 3ed0 [db\version_set.cc:4386] Creating manifest 109
2022/06/28-01:44:23.481352 3ed0 EVENT_LOG_v1 {"time_micros": 1656369863481337, "job": 1, "event": "recovery_finished"}
2022/06/28-01:44:23.486737 3ed0 [file\delete_scheduler.cc:77] Deleted file D:\Hive\hivemq-4.8.0\data\persistence\client_events\040000_R\client_events_6/000104.log immediately, rate_bytes_per_sec 0, total_trash_size 0 max_trash_db_ratio 0.250000
2022/06/28-01:44:23.966538 3ed0 [db\db_impl\db_impl_open.cc:1787] SstFileManager instance 0000019857794940
2022/06/28-01:44:23.969186 3ed0 DB pointer 00000198582631C0
2022/06/28-01:44:27.250051 6910 [db\compaction\compaction_job.cc:2221] [default] [JOB 3] Compacting 4@0 files to L1, score 1.00
2022/06/28-01:44:27.250070 6910 [db\compaction\compaction_job.cc:2225] [default] Compaction start summary: Base version 3 Base level 0, inputs: [108(1836B) 102(1302B) 96(4460B) 90(6431B)]
2022/06/28-01:44:27.250439 6910 EVENT_LOG_v1 {"time_micros": 1656369867250108, "job": 3, "event": "compaction_started", "compaction_reason": "LevelL0FilesNum", "files_L0": [108, 102, 96, 90], "score": 1, "input_data_size": 14029}
2022/06/28-01:44:27.543401 6910 EVENT_LOG_v1 {"time_micros": 1656369867543282, "cf_name": "default", "job": 3, "event": "table_file_creation", "file_number": 0, "file_size": 0, "file_checksum": "", "file_checksum_func_name": "Unknown", "table_properties": {"data_size": 0, "index_size": 13, "index_partitions": 0, "top_level_index_size": 0, "index_key_is_user_key": 1, "index_value_is_delta_encoded": 1, "filter_size": 0, "raw_key_size": 0, "raw_average_key_size": 0, "raw_value_size": 0, "raw_average_value_size": 0, "num_data_blocks": 0, "num_entries": 0, "num_filter_entries": 0, "num_deletions": 0, "num_merge_operands": 0, "num_range_deletions": 0, "format_version": 0, "fixed_key_len": 0, "filter_policy": "", "column_family_name": "default", "column_family_id": 0, "comparator": "leveldb.BytewiseComparator", "merge_operator": "StringAppendOperator", "prefix_extractor_name": "nullptr", "property_collectors": "[]", "compression": "Snappy", "compression_options": "window_bits=-14; level=32767; strategy=0; max_dict_bytes=0; zstd_max_train_bytes=0; enabled=0; max_dict_buffer_bytes=0; ", "creation_time": 1656182760, "oldest_key_time": 0, "file_creation_time": 1656369867, "slow_compression_estimated_data_size": 0, "fast_compression_estimated_data_size": 0, "db_id": "79dc3507-db3e-11ec-bbfc-0492261d99fd", "db_session_id": "WTU5DQ24EVCTR89QL84U", "orig_file_number": 113}}
2022/06/28-01:44:27.543453 6910 [db\compaction\compaction_job.cc:1898] [default] [JOB 3] Compacted 4@0 files to L1 => 959 bytes
2022/06/28-01:44:27.615894 6910 (Original Log Time 2022/06/28-01:44:27.615566) [db\compaction\compaction_job.cc:875] [default] compacted to: files[0 0 0 0 0 0 0] max score 0.00, MB/sec: 0.0 rd, 0.0 wr, level 1, files in(4, 0) out(0 +0 blob) MB in(0.0, 0.0 +0.0 blob) out(0.0 +0.0 blob), read-write-amplify(1.1) write-amplify(0.1) OK, records in: 247, records dropped: 247 output_compression: Snappy
2022/06/28-01:44:27.615911 6910 (Original Log Time 2022/06/28-01:44:27.615864) EVENT_LOG_v1 {"time_micros": 1656369867615667, "job": 3, "event": "compaction_finished", "compaction_time_micros": 292984, "compaction_time_cpu_micros": 0, "output_level": 1, "num_output_files": 0, "total_output_size": 959, "num_input_records": 247, "num_output_records": 0, "num_subcompactions": 1, "output_compression": "Snappy", "num_single_delete_mismatches": 0, "num_single_delete_fallthrough": 0, "lsm_state": [0, 0, 0, 0, 0, 0, 0]}
2022/06/28-01:44:27.616176 6910 [file\delete_scheduler.cc:77] Deleted file D:\Hive\hivemq-4.8.0\data\persistence\client_events\040000_R\client_events_6/000108.sst immediately, rate_bytes_per_sec 0, total_trash_size 0 max_trash_db_ratio 0.250000
2022/06/28-01:44:27.616414 6910 EVENT_LOG_v1 {"time_micros": 1656369867616230, "job": 3, "event": "table_file_deletion", "file_number": 108}
2022/06/28-01:44:27.616598 6910 [file\delete_scheduler.cc:77] Deleted file D:\Hive\hivemq-4.8.0\data\persistence\client_events\040000_R\client_events_6/000102.sst immediately, rate_bytes_per_sec 0, total_trash_size 0 max_trash_db_ratio 0.250000
2022/06/28-01:44:27.616684 6910 EVENT_LOG_v1 {"time_micros": 1656369867616635, "job": 3, "event": "table_file_deletion", "file_number": 102}
2022/06/28-01:44:27.616849 6910 [file\delete_scheduler.cc:77] Deleted file D:\Hive\hivemq-4.8.0\data\persistence\client_events\040000_R\client_events_6/000096.sst immediately, rate_bytes_per_sec 0, total_trash_size 0 max_trash_db_ratio 0.250000
2022/06/28-01:44:27.616922 6910 EVENT_LOG_v1 {"time_micros": 1656369867616880, "job": 3, "event": "table_file_deletion", "file_number": 96}
2022/06/28-01:44:27.617086 6910 [file\delete_scheduler.cc:77] Deleted file D:\Hive\hivemq-4.8.0\data\persistence\client_events\040000_R\client_events_6/000090.sst immediately, rate_bytes_per_sec 0, total_trash_size 0 max_trash_db_ratio 0.250000
2022/06/28-01:44:27.617111 6910 EVENT_LOG_v1 {"time_micros": 1656369867617104, "job": 3, "event": "table_file_deletion", "file_number": 90}
