2022/06/28-01:44:22.618456 14fc RocksDB version: 6.26.1
2022/06/28-01:44:22.618524 14fc Git sha 4d57a393a8f1563c0dff1ff468756c23d89e3601
2022/06/28-01:44:22.618548 14fc Compile date 2021-11-22 13:08:56
2022/06/28-01:44:22.618562 14fc DB SUMMARY
2022/06/28-01:44:22.618577 14fc DB Session ID:  WTU5DQ24EVCTR89QL854
2022/06/28-01:44:22.620714 14fc CURRENT file:  CURRENT
2022/06/28-01:44:22.620749 14fc IDENTITY file:  IDENTITY
2022/06/28-01:44:22.620933 14fc MANIFEST file:  MANIFEST-000103 size: 285 Bytes
2022/06/28-01:44:22.620956 14fc SST files in D:\Hive\hivemq-4.8.0\data\persistence\client_events\040000_R\client_events_29 dir, Total Num: 3, files: 000090.sst 000096.sst 000102.sst 
2022/06/28-01:44:22.620972 14fc Write Ahead Log file in D:\Hive\hivemq-4.8.0\data\persistence\client_events\040000_R\client_events_29: 000104.log size: 1008 ; 
2022/06/28-01:44:22.839771 14fc                         Options.error_if_exists: 0
2022/06/28-01:44:22.839798 14fc                       Options.create_if_missing: 1
2022/06/28-01:44:22.839812 14fc                         Options.paranoid_checks: 1
2022/06/28-01:44:22.839854 14fc             Options.flush_verify_memtable_count: 1
2022/06/28-01:44:22.839866 14fc                               Options.track_and_verify_wals_in_manifest: 0
2022/06/28-01:44:22.839875 14fc                                     Options.env: 000001985551AEC0
2022/06/28-01:44:22.839883 14fc                                      Options.fs: WinFS
2022/06/28-01:44:22.839890 14fc                                Options.info_log: 00000198578978C0
2022/06/28-01:44:22.839897 14fc                Options.max_file_opening_threads: 16
2022/06/28-01:44:22.839905 14fc                              Options.statistics: 0000019855238810
2022/06/28-01:44:22.839913 14fc                               Options.use_fsync: 0
2022/06/28-01:44:22.839921 14fc                       Options.max_log_file_size: 512000
2022/06/28-01:44:22.839929 14fc                  Options.max_manifest_file_size: 1073741824
2022/06/28-01:44:22.839938 14fc                   Options.log_file_time_to_roll: 0
2022/06/28-01:44:22.839945 14fc                       Options.keep_log_file_num: 2
2022/06/28-01:44:22.839953 14fc                    Options.recycle_log_file_num: 0
2022/06/28-01:44:22.840003 14fc                         Options.allow_fallocate: 1
2022/06/28-01:44:22.840014 14fc                        Options.allow_mmap_reads: 0
2022/06/28-01:44:22.840021 14fc                       Options.allow_mmap_writes: 0
2022/06/28-01:44:22.840027 14fc                        Options.use_direct_reads: 0
2022/06/28-01:44:22.840033 14fc                        Options.use_direct_io_for_flush_and_compaction: 0
2022/06/28-01:44:22.840039 14fc          Options.create_missing_column_families: 0
2022/06/28-01:44:22.840045 14fc                              Options.db_log_dir: 
2022/06/28-01:44:22.840050 14fc                                 Options.wal_dir: 
2022/06/28-01:44:22.840056 14fc                Options.table_cache_numshardbits: 6
2022/06/28-01:44:22.840062 14fc                         Options.WAL_ttl_seconds: 0
2022/06/28-01:44:22.840068 14fc                       Options.WAL_size_limit_MB: 0
2022/06/28-01:44:22.840074 14fc                        Options.max_write_batch_group_size_bytes: 1048576
2022/06/28-01:44:22.840081 14fc             Options.manifest_preallocation_size: 4194304
2022/06/28-01:44:22.840086 14fc                     Options.is_fd_close_on_exec: 1
2022/06/28-01:44:22.840092 14fc                   Options.advise_random_on_open: 1
2022/06/28-01:44:22.840098 14fc                   Options.experimental_mempurge_threshold: 0.000000
2022/06/28-01:44:22.840104 14fc                    Options.db_write_buffer_size: 0
2022/06/28-01:44:22.840110 14fc                    Options.write_buffer_manager: 00000198569058D0
2022/06/28-01:44:22.840116 14fc         Options.access_hint_on_compaction_start: 1
2022/06/28-01:44:22.840122 14fc  Options.new_table_reader_for_compaction_inputs: 0
2022/06/28-01:44:22.840127 14fc           Options.random_access_max_buffer_size: 1048576
2022/06/28-01:44:22.840134 14fc                      Options.use_adaptive_mutex: 0
2022/06/28-01:44:22.840231 14fc                            Options.rate_limiter: 0000000000000000
2022/06/28-01:44:22.840241 14fc     Options.sst_file_manager.rate_bytes_per_sec: 0
2022/06/28-01:44:22.840249 14fc                       Options.wal_recovery_mode: 2
2022/06/28-01:44:22.840254 14fc                  Options.enable_thread_tracking: 0
2022/06/28-01:44:22.840259 14fc                  Options.enable_pipelined_write: 0
2022/06/28-01:44:22.840264 14fc                  Options.unordered_write: 0
2022/06/28-01:44:22.840270 14fc         Options.allow_concurrent_memtable_write: 1
2022/06/28-01:44:22.840276 14fc      Options.enable_write_thread_adaptive_yield: 1
2022/06/28-01:44:22.840282 14fc             Options.write_thread_max_yield_usec: 100
2022/06/28-01:44:22.840288 14fc            Options.write_thread_slow_yield_usec: 3
2022/06/28-01:44:22.840293 14fc                               Options.row_cache: None
2022/06/28-01:44:22.840299 14fc                              Options.wal_filter: None
2022/06/28-01:44:22.840305 14fc             Options.avoid_flush_during_recovery: 0
2022/06/28-01:44:22.840311 14fc             Options.allow_ingest_behind: 0
2022/06/28-01:44:22.840316 14fc             Options.preserve_deletes: 0
2022/06/28-01:44:22.840321 14fc             Options.two_write_queues: 0
2022/06/28-01:44:22.840326 14fc             Options.manual_wal_flush: 0
2022/06/28-01:44:22.840332 14fc             Options.atomic_flush: 0
2022/06/28-01:44:22.840337 14fc             Options.avoid_unnecessary_blocking_io: 0
2022/06/28-01:44:22.840343 14fc                 Options.persist_stats_to_disk: 0
2022/06/28-01:44:22.840349 14fc                 Options.write_dbid_to_manifest: 0
2022/06/28-01:44:22.840354 14fc                 Options.log_readahead_size: 0
2022/06/28-01:44:22.840359 14fc                 Options.file_checksum_gen_factory: Unknown
2022/06/28-01:44:22.840365 14fc                 Options.best_efforts_recovery: 0
2022/06/28-01:44:22.840371 14fc                Options.max_bgerror_resume_count: 2147483647
2022/06/28-01:44:22.840709 14fc            Options.bgerror_resume_retry_interval: 1000000
2022/06/28-01:44:22.840717 14fc             Options.allow_data_in_errors: 0
2022/06/28-01:44:22.840744 14fc             Options.db_host_id: __hostname__
2022/06/28-01:44:22.840823 14fc             Options.max_background_jobs: 2
2022/06/28-01:44:22.840831 14fc             Options.max_background_compactions: -1
2022/06/28-01:44:22.840837 14fc             Options.max_subcompactions: 1
2022/06/28-01:44:22.840842 14fc             Options.avoid_flush_during_shutdown: 0
2022/06/28-01:44:22.840848 14fc           Options.writable_file_max_buffer_size: 1048576
2022/06/28-01:44:22.840854 14fc             Options.delayed_write_rate : 16777216
2022/06/28-01:44:22.840860 14fc             Options.max_total_wal_size: 0
2022/06/28-01:44:22.840865 14fc             Options.delete_obsolete_files_period_micros: 21600000000
2022/06/28-01:44:22.840871 14fc                   Options.stats_dump_period_sec: 0
2022/06/28-01:44:22.840972 14fc                 Options.stats_persist_period_sec: 0
2022/06/28-01:44:22.840979 14fc                 Options.stats_history_buffer_size: 65536
2022/06/28-01:44:22.840986 14fc                          Options.max_open_files: -1
2022/06/28-01:44:22.840994 14fc                          Options.bytes_per_sync: 0
2022/06/28-01:44:22.841001 14fc                      Options.wal_bytes_per_sync: 0
2022/06/28-01:44:22.841007 14fc                   Options.strict_bytes_per_sync: 0
2022/06/28-01:44:22.841012 14fc       Options.compaction_readahead_size: 0
2022/06/28-01:44:22.841017 14fc                  Options.max_background_flushes: -1
2022/06/28-01:44:22.841022 14fc Compression algorithms supported:
2022/06/28-01:44:22.841027 14fc 	kZSTD supported: 1
2022/06/28-01:44:22.841033 14fc 	kSnappyCompression supported: 1
2022/06/28-01:44:22.841037 14fc 	kBZip2Compression supported: 0
2022/06/28-01:44:22.841042 14fc 	kZlibCompression supported: 1
2022/06/28-01:44:22.841047 14fc 	kLZ4Compression supported: 1
2022/06/28-01:44:22.841075 14fc 	kXpressCompression supported: 0
2022/06/28-01:44:22.841081 14fc 	kLZ4HCCompression supported: 1
2022/06/28-01:44:22.841086 14fc 	kZSTDNotFinalCompression supported: 1
2022/06/28-01:44:22.841092 14fc Fast CRC32 supported: Supported on x86
2022/06/28-01:44:22.845856 14fc [db\version_set.cc:4848] Recovering from manifest file: D:\Hive\hivemq-4.8.0\data\persistence\client_events\040000_R\client_events_29/MANIFEST-000103
2022/06/28-01:44:22.929809 14fc [db\column_family.cc:611] --------------- Options for column family [default]:
2022/06/28-01:44:22.929825 14fc               Options.comparator: leveldb.BytewiseComparator
2022/06/28-01:44:22.929830 14fc           Options.merge_operator: StringAppendOperator
2022/06/28-01:44:22.929834 14fc        Options.compaction_filter: None
2022/06/28-01:44:22.929839 14fc        Options.compaction_filter_factory: None
2022/06/28-01:44:22.929843 14fc  Options.sst_partitioner_factory: None
2022/06/28-01:44:22.929848 14fc         Options.memtable_factory: SkipListFactory
2022/06/28-01:44:22.929852 14fc            Options.table_factory: BlockBasedTable
2022/06/28-01:44:22.929885 14fc            table_factory options:   flush_block_policy_factory: FlushBlockBySizePolicyFactory (0000019855231E30)
  cache_index_and_filter_blocks: 0
  cache_index_and_filter_blocks_with_high_priority: 1
  pin_l0_filter_and_index_blocks_in_cache: 0
  pin_top_level_index_and_filter: 1
  index_type: 0
  data_block_index_type: 0
  index_shortening: 1
  data_block_hash_table_util_ratio: 0.750000
  hash_index_allow_collision: 1
  checksum: 1
  no_block_cache: 0
  block_cache: 0000019855CBD490
  block_cache_name: LRUCache
  block_cache_options:
    capacity : 133005760
    num_shard_bits : 6
    strict_capacity_limit : 0
    memory_allocator : None
    high_pri_pool_ratio: 0.000
  block_cache_compressed: 0000000000000000
  persistent_cache: 0000000000000000
  block_size: 32768
  block_size_deviation: 10
  block_restart_interval: 16
  index_block_restart_interval: 1
  metadata_block_size: 4096
  partition_filters: 0
  use_delta_encoding: 1
  filter_policy: nullptr
  whole_key_filtering: 1
  verify_compression: 0
  read_amp_bytes_per_bit: 0
  format_version: 5
  enable_index_compression: 1
  block_align: 0
  max_auto_readahead_size: 262144
  prepopulate_block_cache: 0
2022/06/28-01:44:22.929892 14fc        Options.write_buffer_size: 2078215
2022/06/28-01:44:22.929896 14fc  Options.max_write_buffer_number: 2
2022/06/28-01:44:22.929901 14fc          Options.compression: Snappy
2022/06/28-01:44:22.929905 14fc                  Options.bottommost_compression: Disabled
2022/06/28-01:44:22.929910 14fc       Options.prefix_extractor: nullptr
2022/06/28-01:44:22.929915 14fc   Options.memtable_insert_with_hint_prefix_extractor: nullptr
2022/06/28-01:44:22.929919 14fc             Options.num_levels: 7
2022/06/28-01:44:22.929924 14fc        Options.min_write_buffer_number_to_merge: 1
2022/06/28-01:44:22.929928 14fc     Options.max_write_buffer_number_to_maintain: 0
2022/06/28-01:44:22.929933 14fc     Options.max_write_buffer_size_to_maintain: 0
2022/06/28-01:44:22.929937 14fc            Options.bottommost_compression_opts.window_bits: -14
2022/06/28-01:44:22.929942 14fc                  Options.bottommost_compression_opts.level: 32767
2022/06/28-01:44:22.929947 14fc               Options.bottommost_compression_opts.strategy: 0
2022/06/28-01:44:22.929952 14fc         Options.bottommost_compression_opts.max_dict_bytes: 0
2022/06/28-01:44:22.929957 14fc         Options.bottommost_compression_opts.zstd_max_train_bytes: 0
2022/06/28-01:44:22.929962 14fc         Options.bottommost_compression_opts.parallel_threads: 1
2022/06/28-01:44:22.929967 14fc                  Options.bottommost_compression_opts.enabled: false
2022/06/28-01:44:22.929972 14fc         Options.bottommost_compression_opts.max_dict_buffer_bytes: 0
2022/06/28-01:44:22.929977 14fc            Options.compression_opts.window_bits: -14
2022/06/28-01:44:22.929981 14fc                  Options.compression_opts.level: 32767
2022/06/28-01:44:22.929988 14fc               Options.compression_opts.strategy: 0
2022/06/28-01:44:22.929994 14fc         Options.compression_opts.max_dict_bytes: 0
2022/06/28-01:44:22.929999 14fc         Options.compression_opts.zstd_max_train_bytes: 0
2022/06/28-01:44:22.930004 14fc         Options.compression_opts.parallel_threads: 1
2022/06/28-01:44:22.930008 14fc                  Options.compression_opts.enabled: false
2022/06/28-01:44:22.930013 14fc         Options.compression_opts.max_dict_buffer_bytes: 0
2022/06/28-01:44:22.930017 14fc      Options.level0_file_num_compaction_trigger: 4
2022/06/28-01:44:22.930022 14fc          Options.level0_slowdown_writes_trigger: 20
2022/06/28-01:44:22.930027 14fc              Options.level0_stop_writes_trigger: 36
2022/06/28-01:44:22.930031 14fc                   Options.target_file_size_base: 67108864
2022/06/28-01:44:22.930036 14fc             Options.target_file_size_multiplier: 1
2022/06/28-01:44:22.930041 14fc                Options.max_bytes_for_level_base: 268435456
2022/06/28-01:44:22.930045 14fc Options.level_compaction_dynamic_level_bytes: 0
2022/06/28-01:44:22.930050 14fc          Options.max_bytes_for_level_multiplier: 10.000000
2022/06/28-01:44:22.930056 14fc Options.max_bytes_for_level_multiplier_addtl[0]: 1
2022/06/28-01:44:22.930061 14fc Options.max_bytes_for_level_multiplier_addtl[1]: 1
2022/06/28-01:44:22.930066 14fc Options.max_bytes_for_level_multiplier_addtl[2]: 1
2022/06/28-01:44:22.930071 14fc Options.max_bytes_for_level_multiplier_addtl[3]: 1
2022/06/28-01:44:22.930075 14fc Options.max_bytes_for_level_multiplier_addtl[4]: 1
2022/06/28-01:44:22.930080 14fc Options.max_bytes_for_level_multiplier_addtl[5]: 1
2022/06/28-01:44:22.930085 14fc Options.max_bytes_for_level_multiplier_addtl[6]: 1
2022/06/28-01:44:22.930089 14fc       Options.max_sequential_skip_in_iterations: 8
2022/06/28-01:44:22.930094 14fc                    Options.max_compaction_bytes: 1677721600
2022/06/28-01:44:22.930099 14fc                        Options.arena_block_size: 262144
2022/06/28-01:44:22.930104 14fc   Options.soft_pending_compaction_bytes_limit: 68719476736
2022/06/28-01:44:22.930109 14fc   Options.hard_pending_compaction_bytes_limit: 274877906944
2022/06/28-01:44:22.930113 14fc       Options.rate_limit_delay_max_milliseconds: 100
2022/06/28-01:44:22.930118 14fc                Options.disable_auto_compactions: 0
2022/06/28-01:44:22.930124 14fc                        Options.compaction_style: kCompactionStyleLevel
2022/06/28-01:44:22.930129 14fc                          Options.compaction_pri: kMinOverlappingRatio
2022/06/28-01:44:22.930134 14fc Options.compaction_options_universal.size_ratio: 1
2022/06/28-01:44:22.930138 14fc Options.compaction_options_universal.min_merge_width: 2
2022/06/28-01:44:22.930143 14fc Options.compaction_options_universal.max_merge_width: 4294967295
2022/06/28-01:44:22.930148 14fc Options.compaction_options_universal.max_size_amplification_percent: 200
2022/06/28-01:44:22.930153 14fc Options.compaction_options_universal.compression_size_percent: -1
2022/06/28-01:44:22.930158 14fc Options.compaction_options_universal.stop_style: kCompactionStopStyleTotalSize
2022/06/28-01:44:22.930163 14fc Options.compaction_options_fifo.max_table_files_size: 1073741824
2022/06/28-01:44:22.930168 14fc Options.compaction_options_fifo.allow_compaction: 0
2022/06/28-01:44:22.930179 14fc                   Options.table_properties_collectors: 
2022/06/28-01:44:22.930184 14fc                   Options.inplace_update_support: 0
2022/06/28-01:44:22.930189 14fc                 Options.inplace_update_num_locks: 10000
2022/06/28-01:44:22.930194 14fc               Options.memtable_prefix_bloom_size_ratio: 0.000000
2022/06/28-01:44:22.930199 14fc               Options.memtable_whole_key_filtering: 0
2022/06/28-01:44:22.930203 14fc   Options.memtable_huge_page_size: 0
2022/06/28-01:44:22.930208 14fc                           Options.bloom_locality: 0
2022/06/28-01:44:22.930213 14fc                    Options.max_successive_merges: 0
2022/06/28-01:44:22.930217 14fc                Options.optimize_filters_for_hits: 0
2022/06/28-01:44:22.988706 14fc                Options.paranoid_file_checks: 0
2022/06/28-01:44:22.988722 14fc                Options.force_consistency_checks: 1
2022/06/28-01:44:22.988728 14fc                Options.report_bg_io_stats: 0
2022/06/28-01:44:22.988733 14fc                               Options.ttl: 2592000
2022/06/28-01:44:22.988738 14fc          Options.periodic_compaction_seconds: 0
2022/06/28-01:44:22.988743 14fc                       Options.enable_blob_files: false
2022/06/28-01:44:22.988749 14fc                           Options.min_blob_size: 0
2022/06/28-01:44:22.988753 14fc                          Options.blob_file_size: 268435456
2022/06/28-01:44:22.988760 14fc                   Options.blob_compression_type: NoCompression
2022/06/28-01:44:22.988765 14fc          Options.enable_blob_garbage_collection: false
2022/06/28-01:44:22.988772 14fc      Options.blob_garbage_collection_age_cutoff: 0.250000
2022/06/28-01:44:22.988778 14fc Options.blob_garbage_collection_force_threshold: 1.000000
2022/06/28-01:44:23.135336 14fc [db\version_set.cc:4896] Recovered from manifest file:D:\Hive\hivemq-4.8.0\data\persistence\client_events\040000_R\client_events_29/MANIFEST-000103 succeeded,manifest_file_number is 103, next_file_number is 105, last_sequence is 456, log_number is 99,prev_log_number is 0,max_column_family is 0,min_log_number_to_keep is 0
2022/06/28-01:44:23.135352 14fc [db\version_set.cc:4905] Column family [default] (ID 0), log number is 99
2022/06/28-01:44:23.139912 14fc [db\version_set.cc:4386] Creating manifest 107
2022/06/28-01:44:23.974723 14fc EVENT_LOG_v1 {"time_micros": 1656369863973999, "job": 1, "event": "recovery_started", "wal_files": [104]}
2022/06/28-01:44:23.974738 14fc [db\db_impl\db_impl_open.cc:878] Recovering log #104 mode 2
2022/06/28-01:44:24.265372 14fc EVENT_LOG_v1 {"time_micros": 1656369864265332, "cf_name": "default", "job": 1, "event": "table_file_creation", "file_number": 108, "file_size": 1836, "file_checksum": "", "file_checksum_func_name": "Unknown", "table_properties": {"data_size": 0, "index_size": 13, "index_partitions": 0, "top_level_index_size": 0, "index_key_is_user_key": 1, "index_value_is_delta_encoded": 1, "filter_size": 0, "raw_key_size": 441, "raw_average_key_size": 21, "raw_value_size": 273, "raw_average_value_size": 13, "num_data_blocks": 0, "num_entries": 21, "num_filter_entries": 0, "num_deletions": 21, "num_merge_operands": 0, "num_range_deletions": 21, "format_version": 0, "fixed_key_len": 0, "filter_policy": "", "column_family_name": "default", "column_family_id": 0, "comparator": "leveldb.BytewiseComparator", "merge_operator": "StringAppendOperator", "prefix_extractor_name": "nullptr", "property_collectors": "[]", "compression": "Snappy", "compression_options": "window_bits=-14; level=32767; strategy=0; max_dict_bytes=0; zstd_max_train_bytes=0; enabled=0; max_dict_buffer_bytes=0; ", "creation_time": 1656369863, "oldest_key_time": 0, "file_creation_time": 0, "slow_compression_estimated_data_size": 0, "fast_compression_estimated_data_size": 0, "db_id": "80303372-db3e-11ec-bbfc-0492261d99fd", "db_session_id": "WTU5DQ24EVCTR89QL854", "orig_file_number": 108}}
2022/06/28-01:44:24.265434 14fc [db\version_set.cc:4386] Creating manifest 109
2022/06/28-01:44:25.334209 14fc EVENT_LOG_v1 {"time_micros": 1656369865334038, "job": 1, "event": "recovery_finished"}
2022/06/28-01:44:25.335974 14fc [file\delete_scheduler.cc:77] Deleted file D:\Hive\hivemq-4.8.0\data\persistence\client_events\040000_R\client_events_29/000104.log immediately, rate_bytes_per_sec 0, total_trash_size 0 max_trash_db_ratio 0.250000
2022/06/28-01:44:25.838778 14fc [db\db_impl\db_impl_open.cc:1787] SstFileManager instance 00000198586675F0
2022/06/28-01:44:25.840377 14fc DB pointer 00000198553542D0
2022/06/28-01:44:52.455762 6910 [db\compaction\compaction_job.cc:2221] [default] [JOB 3] Compacting 4@0 files to L1, score 1.00
2022/06/28-01:44:52.455773 6910 [db\compaction\compaction_job.cc:2225] [default] Compaction start summary: Base version 3 Base level 0, inputs: [108(1836B) 102(1302B) 96(4460B) 90(6431B)]
2022/06/28-01:44:52.455789 6910 EVENT_LOG_v1 {"time_micros": 1656369892455780, "job": 3, "event": "compaction_started", "compaction_reason": "LevelL0FilesNum", "files_L0": [108, 102, 96, 90], "score": 1, "input_data_size": 14029}
2022/06/28-01:44:52.659530 6910 EVENT_LOG_v1 {"time_micros": 1656369892659493, "cf_name": "default", "job": 3, "event": "table_file_creation", "file_number": 0, "file_size": 0, "file_checksum": "", "file_checksum_func_name": "Unknown", "table_properties": {"data_size": 0, "index_size": 13, "index_partitions": 0, "top_level_index_size": 0, "index_key_is_user_key": 1, "index_value_is_delta_encoded": 1, "filter_size": 0, "raw_key_size": 0, "raw_average_key_size": 0, "raw_value_size": 0, "raw_average_value_size": 0, "num_data_blocks": 0, "num_entries": 0, "num_filter_entries": 0, "num_deletions": 0, "num_merge_operands": 0, "num_range_deletions": 0, "format_version": 0, "fixed_key_len": 0, "filter_policy": "", "column_family_name": "default", "column_family_id": 0, "comparator": "leveldb.BytewiseComparator", "merge_operator": "StringAppendOperator", "prefix_extractor_name": "nullptr", "property_collectors": "[]", "compression": "Snappy", "compression_options": "window_bits=-14; level=32767; strategy=0; max_dict_bytes=0; zstd_max_train_bytes=0; enabled=0; max_dict_buffer_bytes=0; ", "creation_time": 1656182768, "oldest_key_time": 0, "file_creation_time": 1656369892, "slow_compression_estimated_data_size": 0, "fast_compression_estimated_data_size": 0, "db_id": "80303372-db3e-11ec-bbfc-0492261d99fd", "db_session_id": "WTU5DQ24EVCTR89QL854", "orig_file_number": 113}}
2022/06/28-01:44:52.659566 6910 [db\compaction\compaction_job.cc:1898] [default] [JOB 3] Compacted 4@0 files to L1 => 959 bytes
2022/06/28-01:44:52.840746 6910 (Original Log Time 2022/06/28-01:44:52.840679) [db\compaction\compaction_job.cc:875] [default] compacted to: files[0 0 0 0 0 0 0] max score 0.00, MB/sec: 0.1 rd, 0.0 wr, level 1, files in(4, 0) out(0 +0 blob) MB in(0.0, 0.0 +0.0 blob) out(0.0 +0.0 blob), read-write-amplify(1.1) write-amplify(0.1) OK, records in: 247, records dropped: 247 output_compression: Snappy
2022/06/28-01:44:52.840768 6910 (Original Log Time 2022/06/28-01:44:52.840714) EVENT_LOG_v1 {"time_micros": 1656369892840693, "job": 3, "event": "compaction_finished", "compaction_time_micros": 203765, "compaction_time_cpu_micros": 0, "output_level": 1, "num_output_files": 0, "total_output_size": 959, "num_input_records": 247, "num_output_records": 0, "num_subcompactions": 1, "output_compression": "Snappy", "num_single_delete_mismatches": 0, "num_single_delete_fallthrough": 0, "lsm_state": [0, 0, 0, 0, 0, 0, 0]}
2022/06/28-01:44:52.840997 6910 [file\delete_scheduler.cc:77] Deleted file D:\Hive\hivemq-4.8.0\data\persistence\client_events\040000_R\client_events_29/000108.sst immediately, rate_bytes_per_sec 0, total_trash_size 0 max_trash_db_ratio 0.250000
2022/06/28-01:44:52.841014 6910 EVENT_LOG_v1 {"time_micros": 1656369892841009, "job": 3, "event": "table_file_deletion", "file_number": 108}
2022/06/28-01:44:52.841154 6910 [file\delete_scheduler.cc:77] Deleted file D:\Hive\hivemq-4.8.0\data\persistence\client_events\040000_R\client_events_29/000102.sst immediately, rate_bytes_per_sec 0, total_trash_size 0 max_trash_db_ratio 0.250000
2022/06/28-01:44:52.841169 6910 EVENT_LOG_v1 {"time_micros": 1656369892841165, "job": 3, "event": "table_file_deletion", "file_number": 102}
2022/06/28-01:44:52.841296 6910 [file\delete_scheduler.cc:77] Deleted file D:\Hive\hivemq-4.8.0\data\persistence\client_events\040000_R\client_events_29/000096.sst immediately, rate_bytes_per_sec 0, total_trash_size 0 max_trash_db_ratio 0.250000
2022/06/28-01:44:52.841310 6910 EVENT_LOG_v1 {"time_micros": 1656369892841306, "job": 3, "event": "table_file_deletion", "file_number": 96}
2022/06/28-01:44:52.850012 6910 [file\delete_scheduler.cc:77] Deleted file D:\Hive\hivemq-4.8.0\data\persistence\client_events\040000_R\client_events_29/000090.sst immediately, rate_bytes_per_sec 0, total_trash_size 0 max_trash_db_ratio 0.250000
2022/06/28-01:44:52.850041 6910 EVENT_LOG_v1 {"time_micros": 1656369892850034, "job": 3, "event": "table_file_deletion", "file_number": 90}
