2022/06/28-01:44:22.448628 5a6c RocksDB version: 6.26.1
2022/06/28-01:44:22.448667 5a6c Git sha 4d57a393a8f1563c0dff1ff468756c23d89e3601
2022/06/28-01:44:22.448682 5a6c Compile date 2021-11-22 13:08:56
2022/06/28-01:44:22.448691 5a6c DB SUMMARY
2022/06/28-01:44:22.448700 5a6c DB Session ID:  WTU5DQ24EVCTR89QL858
2022/06/28-01:44:22.449787 5a6c CURRENT file:  CURRENT
2022/06/28-01:44:22.449803 5a6c IDENTITY file:  IDENTITY
2022/06/28-01:44:22.449861 5a6c MANIFEST file:  MANIFEST-000103 size: 285 Bytes
2022/06/28-01:44:22.449879 5a6c SST files in D:\Hive\hivemq-4.8.0\data\persistence\client_events\040000_R\client_events_23 dir, Total Num: 3, files: 000090.sst 000096.sst 000102.sst 
2022/06/28-01:44:22.449892 5a6c Write Ahead Log file in D:\Hive\hivemq-4.8.0\data\persistence\client_events\040000_R\client_events_23: 000104.log size: 1008 ; 
2022/06/28-01:44:22.498883 5a6c                         Options.error_if_exists: 0
2022/06/28-01:44:22.498891 5a6c                       Options.create_if_missing: 1
2022/06/28-01:44:22.498899 5a6c                         Options.paranoid_checks: 1
2022/06/28-01:44:22.498906 5a6c             Options.flush_verify_memtable_count: 1
2022/06/28-01:44:22.498916 5a6c                               Options.track_and_verify_wals_in_manifest: 0
2022/06/28-01:44:22.498924 5a6c                                     Options.env: 000001985551AEC0
2022/06/28-01:44:22.498931 5a6c                                      Options.fs: WinFS
2022/06/28-01:44:22.498939 5a6c                                Options.info_log: 0000019857896C90
2022/06/28-01:44:22.498946 5a6c                Options.max_file_opening_threads: 16
2022/06/28-01:44:22.498953 5a6c                              Options.statistics: 0000019855238810
2022/06/28-01:44:22.498959 5a6c                               Options.use_fsync: 0
2022/06/28-01:44:22.498966 5a6c                       Options.max_log_file_size: 512000
2022/06/28-01:44:22.498974 5a6c                  Options.max_manifest_file_size: 1073741824
2022/06/28-01:44:22.498981 5a6c                   Options.log_file_time_to_roll: 0
2022/06/28-01:44:22.498988 5a6c                       Options.keep_log_file_num: 2
2022/06/28-01:44:22.498996 5a6c                    Options.recycle_log_file_num: 0
2022/06/28-01:44:22.499003 5a6c                         Options.allow_fallocate: 1
2022/06/28-01:44:22.499010 5a6c                        Options.allow_mmap_reads: 0
2022/06/28-01:44:22.499018 5a6c                       Options.allow_mmap_writes: 0
2022/06/28-01:44:22.499024 5a6c                        Options.use_direct_reads: 0
2022/06/28-01:44:22.499033 5a6c                        Options.use_direct_io_for_flush_and_compaction: 0
2022/06/28-01:44:22.499040 5a6c          Options.create_missing_column_families: 0
2022/06/28-01:44:22.499047 5a6c                              Options.db_log_dir: 
2022/06/28-01:44:22.499054 5a6c                                 Options.wal_dir: 
2022/06/28-01:44:22.499061 5a6c                Options.table_cache_numshardbits: 6
2022/06/28-01:44:22.499068 5a6c                         Options.WAL_ttl_seconds: 0
2022/06/28-01:44:22.499075 5a6c                       Options.WAL_size_limit_MB: 0
2022/06/28-01:44:22.499083 5a6c                        Options.max_write_batch_group_size_bytes: 1048576
2022/06/28-01:44:22.499091 5a6c             Options.manifest_preallocation_size: 4194304
2022/06/28-01:44:22.499097 5a6c                     Options.is_fd_close_on_exec: 1
2022/06/28-01:44:22.499104 5a6c                   Options.advise_random_on_open: 1
2022/06/28-01:44:22.499112 5a6c                   Options.experimental_mempurge_threshold: 0.000000
2022/06/28-01:44:22.499119 5a6c                    Options.db_write_buffer_size: 0
2022/06/28-01:44:22.499127 5a6c                    Options.write_buffer_manager: 0000019856905E70
2022/06/28-01:44:22.499133 5a6c         Options.access_hint_on_compaction_start: 1
2022/06/28-01:44:22.499140 5a6c  Options.new_table_reader_for_compaction_inputs: 0
2022/06/28-01:44:22.499147 5a6c           Options.random_access_max_buffer_size: 1048576
2022/06/28-01:44:22.499155 5a6c                      Options.use_adaptive_mutex: 0
2022/06/28-01:44:22.499368 5a6c                            Options.rate_limiter: 0000000000000000
2022/06/28-01:44:22.499377 5a6c     Options.sst_file_manager.rate_bytes_per_sec: 0
2022/06/28-01:44:22.499384 5a6c                       Options.wal_recovery_mode: 2
2022/06/28-01:44:22.499391 5a6c                  Options.enable_thread_tracking: 0
2022/06/28-01:44:22.499397 5a6c                  Options.enable_pipelined_write: 0
2022/06/28-01:44:22.499403 5a6c                  Options.unordered_write: 0
2022/06/28-01:44:22.499410 5a6c         Options.allow_concurrent_memtable_write: 1
2022/06/28-01:44:22.499417 5a6c      Options.enable_write_thread_adaptive_yield: 1
2022/06/28-01:44:22.499424 5a6c             Options.write_thread_max_yield_usec: 100
2022/06/28-01:44:22.499431 5a6c            Options.write_thread_slow_yield_usec: 3
2022/06/28-01:44:22.499439 5a6c                               Options.row_cache: None
2022/06/28-01:44:22.499446 5a6c                              Options.wal_filter: None
2022/06/28-01:44:22.499453 5a6c             Options.avoid_flush_during_recovery: 0
2022/06/28-01:44:22.499460 5a6c             Options.allow_ingest_behind: 0
2022/06/28-01:44:22.499467 5a6c             Options.preserve_deletes: 0
2022/06/28-01:44:22.499473 5a6c             Options.two_write_queues: 0
2022/06/28-01:44:22.499480 5a6c             Options.manual_wal_flush: 0
2022/06/28-01:44:22.499487 5a6c             Options.atomic_flush: 0
2022/06/28-01:44:22.499493 5a6c             Options.avoid_unnecessary_blocking_io: 0
2022/06/28-01:44:22.499501 5a6c                 Options.persist_stats_to_disk: 0
2022/06/28-01:44:22.499507 5a6c                 Options.write_dbid_to_manifest: 0
2022/06/28-01:44:22.499515 5a6c                 Options.log_readahead_size: 0
2022/06/28-01:44:22.499522 5a6c                 Options.file_checksum_gen_factory: Unknown
2022/06/28-01:44:22.499529 5a6c                 Options.best_efforts_recovery: 0
2022/06/28-01:44:22.499536 5a6c                Options.max_bgerror_resume_count: 2147483647
2022/06/28-01:44:22.499543 5a6c            Options.bgerror_resume_retry_interval: 1000000
2022/06/28-01:44:22.499550 5a6c             Options.allow_data_in_errors: 0
2022/06/28-01:44:22.499557 5a6c             Options.db_host_id: __hostname__
2022/06/28-01:44:22.499563 5a6c             Options.max_background_jobs: 2
2022/06/28-01:44:22.499570 5a6c             Options.max_background_compactions: -1
2022/06/28-01:44:22.499577 5a6c             Options.max_subcompactions: 1
2022/06/28-01:44:22.499586 5a6c             Options.avoid_flush_during_shutdown: 0
2022/06/28-01:44:22.499593 5a6c           Options.writable_file_max_buffer_size: 1048576
2022/06/28-01:44:22.499600 5a6c             Options.delayed_write_rate : 16777216
2022/06/28-01:44:22.499607 5a6c             Options.max_total_wal_size: 0
2022/06/28-01:44:22.499614 5a6c             Options.delete_obsolete_files_period_micros: 21600000000
2022/06/28-01:44:22.499621 5a6c                   Options.stats_dump_period_sec: 0
2022/06/28-01:44:22.499628 5a6c                 Options.stats_persist_period_sec: 0
2022/06/28-01:44:22.499635 5a6c                 Options.stats_history_buffer_size: 65536
2022/06/28-01:44:22.499642 5a6c                          Options.max_open_files: -1
2022/06/28-01:44:22.499649 5a6c                          Options.bytes_per_sync: 0
2022/06/28-01:44:22.499656 5a6c                      Options.wal_bytes_per_sync: 0
2022/06/28-01:44:22.499663 5a6c                   Options.strict_bytes_per_sync: 0
2022/06/28-01:44:22.499670 5a6c       Options.compaction_readahead_size: 0
2022/06/28-01:44:22.499677 5a6c                  Options.max_background_flushes: -1
2022/06/28-01:44:22.499684 5a6c Compression algorithms supported:
2022/06/28-01:44:22.499691 5a6c 	kZSTD supported: 1
2022/06/28-01:44:22.499697 5a6c 	kSnappyCompression supported: 1
2022/06/28-01:44:22.499704 5a6c 	kBZip2Compression supported: 0
2022/06/28-01:44:22.499710 5a6c 	kZlibCompression supported: 1
2022/06/28-01:44:22.499716 5a6c 	kLZ4Compression supported: 1
2022/06/28-01:44:22.500820 5a6c 	kXpressCompression supported: 0
2022/06/28-01:44:22.500914 5a6c 	kLZ4HCCompression supported: 1
2022/06/28-01:44:22.500924 5a6c 	kZSTDNotFinalCompression supported: 1
2022/06/28-01:44:22.500931 5a6c Fast CRC32 supported: Supported on x86
2022/06/28-01:44:22.516583 5a6c [db\version_set.cc:4848] Recovering from manifest file: D:\Hive\hivemq-4.8.0\data\persistence\client_events\040000_R\client_events_23/MANIFEST-000103
2022/06/28-01:44:22.521045 5a6c [db\column_family.cc:611] --------------- Options for column family [default]:
2022/06/28-01:44:22.521056 5a6c               Options.comparator: leveldb.BytewiseComparator
2022/06/28-01:44:22.521067 5a6c           Options.merge_operator: StringAppendOperator
2022/06/28-01:44:22.521072 5a6c        Options.compaction_filter: None
2022/06/28-01:44:22.521077 5a6c        Options.compaction_filter_factory: None
2022/06/28-01:44:22.521081 5a6c  Options.sst_partitioner_factory: None
2022/06/28-01:44:22.521085 5a6c         Options.memtable_factory: SkipListFactory
2022/06/28-01:44:22.521090 5a6c            Options.table_factory: BlockBasedTable
2022/06/28-01:44:22.521118 5a6c            table_factory options:   flush_block_policy_factory: FlushBlockBySizePolicyFactory (0000019855231E30)
  cache_index_and_filter_blocks: 0
  cache_index_and_filter_blocks_with_high_priority: 1
  pin_l0_filter_and_index_blocks_in_cache: 0
  pin_top_level_index_and_filter: 1
  index_type: 0
  data_block_index_type: 0
  index_shortening: 1
  data_block_hash_table_util_ratio: 0.750000
  hash_index_allow_collision: 1
  checksum: 1
  no_block_cache: 0
  block_cache: 0000019855CBD490
  block_cache_name: LRUCache
  block_cache_options:
    capacity : 133005760
    num_shard_bits : 6
    strict_capacity_limit : 0
    memory_allocator : None
    high_pri_pool_ratio: 0.000
  block_cache_compressed: 0000000000000000
  persistent_cache: 0000000000000000
  block_size: 32768
  block_size_deviation: 10
  block_restart_interval: 16
  index_block_restart_interval: 1
  metadata_block_size: 4096
  partition_filters: 0
  use_delta_encoding: 1
  filter_policy: nullptr
  whole_key_filtering: 1
  verify_compression: 0
  read_amp_bytes_per_bit: 0
  format_version: 5
  enable_index_compression: 1
  block_align: 0
  max_auto_readahead_size: 262144
  prepopulate_block_cache: 0
2022/06/28-01:44:22.521123 5a6c        Options.write_buffer_size: 2078215
2022/06/28-01:44:22.521127 5a6c  Options.max_write_buffer_number: 2
2022/06/28-01:44:22.521131 5a6c          Options.compression: Snappy
2022/06/28-01:44:22.521136 5a6c                  Options.bottommost_compression: Disabled
2022/06/28-01:44:22.521140 5a6c       Options.prefix_extractor: nullptr
2022/06/28-01:44:22.521145 5a6c   Options.memtable_insert_with_hint_prefix_extractor: nullptr
2022/06/28-01:44:22.521149 5a6c             Options.num_levels: 7
2022/06/28-01:44:22.521153 5a6c        Options.min_write_buffer_number_to_merge: 1
2022/06/28-01:44:22.521158 5a6c     Options.max_write_buffer_number_to_maintain: 0
2022/06/28-01:44:22.521162 5a6c     Options.max_write_buffer_size_to_maintain: 0
2022/06/28-01:44:22.521167 5a6c            Options.bottommost_compression_opts.window_bits: -14
2022/06/28-01:44:22.521172 5a6c                  Options.bottommost_compression_opts.level: 32767
2022/06/28-01:44:22.521178 5a6c               Options.bottommost_compression_opts.strategy: 0
2022/06/28-01:44:22.521182 5a6c         Options.bottommost_compression_opts.max_dict_bytes: 0
2022/06/28-01:44:22.521187 5a6c         Options.bottommost_compression_opts.zstd_max_train_bytes: 0
2022/06/28-01:44:22.521193 5a6c         Options.bottommost_compression_opts.parallel_threads: 1
2022/06/28-01:44:22.521197 5a6c                  Options.bottommost_compression_opts.enabled: false
2022/06/28-01:44:22.521202 5a6c         Options.bottommost_compression_opts.max_dict_buffer_bytes: 0
2022/06/28-01:44:22.521207 5a6c            Options.compression_opts.window_bits: -14
2022/06/28-01:44:22.521211 5a6c                  Options.compression_opts.level: 32767
2022/06/28-01:44:22.521218 5a6c               Options.compression_opts.strategy: 0
2022/06/28-01:44:22.521223 5a6c         Options.compression_opts.max_dict_bytes: 0
2022/06/28-01:44:22.521228 5a6c         Options.compression_opts.zstd_max_train_bytes: 0
2022/06/28-01:44:22.521233 5a6c         Options.compression_opts.parallel_threads: 1
2022/06/28-01:44:22.521237 5a6c                  Options.compression_opts.enabled: false
2022/06/28-01:44:22.521242 5a6c         Options.compression_opts.max_dict_buffer_bytes: 0
2022/06/28-01:44:22.521246 5a6c      Options.level0_file_num_compaction_trigger: 4
2022/06/28-01:44:22.521251 5a6c          Options.level0_slowdown_writes_trigger: 20
2022/06/28-01:44:22.521255 5a6c              Options.level0_stop_writes_trigger: 36
2022/06/28-01:44:22.521260 5a6c                   Options.target_file_size_base: 67108864
2022/06/28-01:44:22.521265 5a6c             Options.target_file_size_multiplier: 1
2022/06/28-01:44:22.521270 5a6c                Options.max_bytes_for_level_base: 268435456
2022/06/28-01:44:22.521274 5a6c Options.level_compaction_dynamic_level_bytes: 0
2022/06/28-01:44:22.521279 5a6c          Options.max_bytes_for_level_multiplier: 10.000000
2022/06/28-01:44:22.521285 5a6c Options.max_bytes_for_level_multiplier_addtl[0]: 1
2022/06/28-01:44:22.521294 5a6c Options.max_bytes_for_level_multiplier_addtl[1]: 1
2022/06/28-01:44:22.521299 5a6c Options.max_bytes_for_level_multiplier_addtl[2]: 1
2022/06/28-01:44:22.521304 5a6c Options.max_bytes_for_level_multiplier_addtl[3]: 1
2022/06/28-01:44:22.521309 5a6c Options.max_bytes_for_level_multiplier_addtl[4]: 1
2022/06/28-01:44:22.521313 5a6c Options.max_bytes_for_level_multiplier_addtl[5]: 1
2022/06/28-01:44:22.521318 5a6c Options.max_bytes_for_level_multiplier_addtl[6]: 1
2022/06/28-01:44:22.521322 5a6c       Options.max_sequential_skip_in_iterations: 8
2022/06/28-01:44:22.521327 5a6c                    Options.max_compaction_bytes: 1677721600
2022/06/28-01:44:22.521332 5a6c                        Options.arena_block_size: 262144
2022/06/28-01:44:22.521336 5a6c   Options.soft_pending_compaction_bytes_limit: 68719476736
2022/06/28-01:44:22.521341 5a6c   Options.hard_pending_compaction_bytes_limit: 274877906944
2022/06/28-01:44:22.521346 5a6c       Options.rate_limit_delay_max_milliseconds: 100
2022/06/28-01:44:22.521350 5a6c                Options.disable_auto_compactions: 0
2022/06/28-01:44:22.521355 5a6c                        Options.compaction_style: kCompactionStyleLevel
2022/06/28-01:44:22.521360 5a6c                          Options.compaction_pri: kMinOverlappingRatio
2022/06/28-01:44:22.521365 5a6c Options.compaction_options_universal.size_ratio: 1
2022/06/28-01:44:22.521369 5a6c Options.compaction_options_universal.min_merge_width: 2
2022/06/28-01:44:22.521374 5a6c Options.compaction_options_universal.max_merge_width: 4294967295
2022/06/28-01:44:22.521378 5a6c Options.compaction_options_universal.max_size_amplification_percent: 200
2022/06/28-01:44:22.521384 5a6c Options.compaction_options_universal.compression_size_percent: -1
2022/06/28-01:44:22.521389 5a6c Options.compaction_options_universal.stop_style: kCompactionStopStyleTotalSize
2022/06/28-01:44:22.521394 5a6c Options.compaction_options_fifo.max_table_files_size: 1073741824
2022/06/28-01:44:22.521398 5a6c Options.compaction_options_fifo.allow_compaction: 0
2022/06/28-01:44:22.521406 5a6c                   Options.table_properties_collectors: 
2022/06/28-01:44:22.521410 5a6c                   Options.inplace_update_support: 0
2022/06/28-01:44:22.521415 5a6c                 Options.inplace_update_num_locks: 10000
2022/06/28-01:44:22.521420 5a6c               Options.memtable_prefix_bloom_size_ratio: 0.000000
2022/06/28-01:44:22.521426 5a6c               Options.memtable_whole_key_filtering: 0
2022/06/28-01:44:22.521431 5a6c   Options.memtable_huge_page_size: 0
2022/06/28-01:44:22.521436 5a6c                           Options.bloom_locality: 0
2022/06/28-01:44:22.521441 5a6c                    Options.max_successive_merges: 0
2022/06/28-01:44:22.521445 5a6c                Options.optimize_filters_for_hits: 0
2022/06/28-01:44:22.612819 5a6c                Options.paranoid_file_checks: 0
2022/06/28-01:44:22.612832 5a6c                Options.force_consistency_checks: 1
2022/06/28-01:44:22.612841 5a6c                Options.report_bg_io_stats: 0
2022/06/28-01:44:22.612849 5a6c                               Options.ttl: 2592000
2022/06/28-01:44:22.612865 5a6c          Options.periodic_compaction_seconds: 0
2022/06/28-01:44:22.612873 5a6c                       Options.enable_blob_files: false
2022/06/28-01:44:22.612881 5a6c                           Options.min_blob_size: 0
2022/06/28-01:44:22.612889 5a6c                          Options.blob_file_size: 268435456
2022/06/28-01:44:22.612897 5a6c                   Options.blob_compression_type: NoCompression
2022/06/28-01:44:22.612904 5a6c          Options.enable_blob_garbage_collection: false
2022/06/28-01:44:22.612913 5a6c      Options.blob_garbage_collection_age_cutoff: 0.250000
2022/06/28-01:44:22.612921 5a6c Options.blob_garbage_collection_force_threshold: 1.000000
2022/06/28-01:44:22.748588 5a6c [db\version_set.cc:4896] Recovered from manifest file:D:\Hive\hivemq-4.8.0\data\persistence\client_events\040000_R\client_events_23/MANIFEST-000103 succeeded,manifest_file_number is 103, next_file_number is 105, last_sequence is 456, log_number is 99,prev_log_number is 0,max_column_family is 0,min_log_number_to_keep is 0
2022/06/28-01:44:22.748602 5a6c [db\version_set.cc:4905] Column family [default] (ID 0), log number is 99
2022/06/28-01:44:22.752309 5a6c [db\version_set.cc:4386] Creating manifest 107
2022/06/28-01:44:23.423510 5a6c EVENT_LOG_v1 {"time_micros": 1656369863423304, "job": 1, "event": "recovery_started", "wal_files": [104]}
2022/06/28-01:44:23.423519 5a6c [db\db_impl\db_impl_open.cc:878] Recovering log #104 mode 2
2022/06/28-01:44:23.915499 5a6c EVENT_LOG_v1 {"time_micros": 1656369863915449, "cf_name": "default", "job": 1, "event": "table_file_creation", "file_number": 108, "file_size": 1836, "file_checksum": "", "file_checksum_func_name": "Unknown", "table_properties": {"data_size": 0, "index_size": 13, "index_partitions": 0, "top_level_index_size": 0, "index_key_is_user_key": 1, "index_value_is_delta_encoded": 1, "filter_size": 0, "raw_key_size": 441, "raw_average_key_size": 21, "raw_value_size": 273, "raw_average_value_size": 13, "num_data_blocks": 0, "num_entries": 21, "num_filter_entries": 0, "num_deletions": 21, "num_merge_operands": 0, "num_range_deletions": 21, "format_version": 0, "fixed_key_len": 0, "filter_policy": "", "column_family_name": "default", "column_family_id": 0, "comparator": "leveldb.BytewiseComparator", "merge_operator": "StringAppendOperator", "prefix_extractor_name": "nullptr", "property_collectors": "[]", "compression": "Snappy", "compression_options": "window_bits=-14; level=32767; strategy=0; max_dict_bytes=0; zstd_max_train_bytes=0; enabled=0; max_dict_buffer_bytes=0; ", "creation_time": 1656369863, "oldest_key_time": 0, "file_creation_time": 0, "slow_compression_estimated_data_size": 0, "fast_compression_estimated_data_size": 0, "db_id": "8030336d-db3e-11ec-bbfc-0492261d99fd", "db_session_id": "WTU5DQ24EVCTR89QL858", "orig_file_number": 108}}
2022/06/28-01:44:23.915582 5a6c [db\version_set.cc:4386] Creating manifest 109
2022/06/28-01:44:24.887005 5a6c EVENT_LOG_v1 {"time_micros": 1656369864886880, "job": 1, "event": "recovery_finished"}
2022/06/28-01:44:25.041623 5a6c [file\delete_scheduler.cc:77] Deleted file D:\Hive\hivemq-4.8.0\data\persistence\client_events\040000_R\client_events_23/000104.log immediately, rate_bytes_per_sec 0, total_trash_size 0 max_trash_db_ratio 0.250000
2022/06/28-01:44:25.448837 5a6c [db\db_impl\db_impl_open.cc:1787] SstFileManager instance 0000019857793E90
2022/06/28-01:44:25.450992 5a6c DB pointer 0000019858521EA0
2022/06/28-01:44:47.254700 6910 [db\compaction\compaction_job.cc:2221] [default] [JOB 3] Compacting 4@0 files to L1, score 1.00
2022/06/28-01:44:47.254712 6910 [db\compaction\compaction_job.cc:2225] [default] Compaction start summary: Base version 3 Base level 0, inputs: [108(1836B) 102(1302B) 96(4460B) 90(6431B)]
2022/06/28-01:44:47.254729 6910 EVENT_LOG_v1 {"time_micros": 1656369887254719, "job": 3, "event": "compaction_started", "compaction_reason": "LevelL0FilesNum", "files_L0": [108, 102, 96, 90], "score": 1, "input_data_size": 14029}
2022/06/28-01:44:47.529143 6910 EVENT_LOG_v1 {"time_micros": 1656369887529097, "cf_name": "default", "job": 3, "event": "table_file_creation", "file_number": 0, "file_size": 0, "file_checksum": "", "file_checksum_func_name": "Unknown", "table_properties": {"data_size": 0, "index_size": 13, "index_partitions": 0, "top_level_index_size": 0, "index_key_is_user_key": 1, "index_value_is_delta_encoded": 1, "filter_size": 0, "raw_key_size": 0, "raw_average_key_size": 0, "raw_value_size": 0, "raw_average_value_size": 0, "num_data_blocks": 0, "num_entries": 0, "num_filter_entries": 0, "num_deletions": 0, "num_merge_operands": 0, "num_range_deletions": 0, "format_version": 0, "fixed_key_len": 0, "filter_policy": "", "column_family_name": "default", "column_family_id": 0, "comparator": "leveldb.BytewiseComparator", "merge_operator": "StringAppendOperator", "prefix_extractor_name": "nullptr", "property_collectors": "[]", "compression": "Snappy", "compression_options": "window_bits=-14; level=32767; strategy=0; max_dict_bytes=0; zstd_max_train_bytes=0; enabled=0; max_dict_buffer_bytes=0; ", "creation_time": 1656182767, "oldest_key_time": 0, "file_creation_time": 1656369887, "slow_compression_estimated_data_size": 0, "fast_compression_estimated_data_size": 0, "db_id": "8030336d-db3e-11ec-bbfc-0492261d99fd", "db_session_id": "WTU5DQ24EVCTR89QL858", "orig_file_number": 113}}
2022/06/28-01:44:47.529184 6910 [db\compaction\compaction_job.cc:1898] [default] [JOB 3] Compacted 4@0 files to L1 => 959 bytes
2022/06/28-01:44:47.716116 6910 (Original Log Time 2022/06/28-01:44:47.716048) [db\compaction\compaction_job.cc:875] [default] compacted to: files[0 0 0 0 0 0 0] max score 0.00, MB/sec: 0.1 rd, 0.0 wr, level 1, files in(4, 0) out(0 +0 blob) MB in(0.0, 0.0 +0.0 blob) out(0.0 +0.0 blob), read-write-amplify(1.1) write-amplify(0.1) OK, records in: 247, records dropped: 247 output_compression: Snappy
2022/06/28-01:44:47.716138 6910 (Original Log Time 2022/06/28-01:44:47.716086) EVENT_LOG_v1 {"time_micros": 1656369887716063, "job": 3, "event": "compaction_finished", "compaction_time_micros": 274442, "compaction_time_cpu_micros": 0, "output_level": 1, "num_output_files": 0, "total_output_size": 959, "num_input_records": 247, "num_output_records": 0, "num_subcompactions": 1, "output_compression": "Snappy", "num_single_delete_mismatches": 0, "num_single_delete_fallthrough": 0, "lsm_state": [0, 0, 0, 0, 0, 0, 0]}
2022/06/28-01:44:47.716375 6910 [file\delete_scheduler.cc:77] Deleted file D:\Hive\hivemq-4.8.0\data\persistence\client_events\040000_R\client_events_23/000108.sst immediately, rate_bytes_per_sec 0, total_trash_size 0 max_trash_db_ratio 0.250000
2022/06/28-01:44:47.716392 6910 EVENT_LOG_v1 {"time_micros": 1656369887716387, "job": 3, "event": "table_file_deletion", "file_number": 108}
2022/06/28-01:44:47.716545 6910 [file\delete_scheduler.cc:77] Deleted file D:\Hive\hivemq-4.8.0\data\persistence\client_events\040000_R\client_events_23/000102.sst immediately, rate_bytes_per_sec 0, total_trash_size 0 max_trash_db_ratio 0.250000
2022/06/28-01:44:47.716560 6910 EVENT_LOG_v1 {"time_micros": 1656369887716555, "job": 3, "event": "table_file_deletion", "file_number": 102}
2022/06/28-01:44:47.716694 6910 [file\delete_scheduler.cc:77] Deleted file D:\Hive\hivemq-4.8.0\data\persistence\client_events\040000_R\client_events_23/000096.sst immediately, rate_bytes_per_sec 0, total_trash_size 0 max_trash_db_ratio 0.250000
2022/06/28-01:44:47.716709 6910 EVENT_LOG_v1 {"time_micros": 1656369887716705, "job": 3, "event": "table_file_deletion", "file_number": 96}
2022/06/28-01:44:47.801329 6910 [file\delete_scheduler.cc:77] Deleted file D:\Hive\hivemq-4.8.0\data\persistence\client_events\040000_R\client_events_23/000090.sst immediately, rate_bytes_per_sec 0, total_trash_size 0 max_trash_db_ratio 0.250000
2022/06/28-01:44:47.801369 6910 EVENT_LOG_v1 {"time_micros": 1656369887801360, "job": 3, "event": "table_file_deletion", "file_number": 90}
