2022/06/28-01:44:21.033340 6dc4 RocksDB version: 6.26.1
2022/06/28-01:44:21.033384 6dc4 Git sha 4d57a393a8f1563c0dff1ff468756c23d89e3601
2022/06/28-01:44:21.033401 6dc4 Compile date 2021-11-22 13:08:56
2022/06/28-01:44:21.033412 6dc4 DB SUMMARY
2022/06/28-01:44:21.033423 6dc4 DB Session ID:  WTU5DQ24EVCTR89QL84T
2022/06/28-01:44:21.036137 6dc4 CURRENT file:  CURRENT
2022/06/28-01:44:21.036164 6dc4 IDENTITY file:  IDENTITY
2022/06/28-01:44:21.036373 6dc4 MANIFEST file:  MANIFEST-000103 size: 285 Bytes
2022/06/28-01:44:21.036390 6dc4 SST files in D:\Hive\hivemq-4.8.0\data\persistence\client_events\040000_R\client_events_9 dir, Total Num: 3, files: 000090.sst 000096.sst 000102.sst 
2022/06/28-01:44:21.036402 6dc4 Write Ahead Log file in D:\Hive\hivemq-4.8.0\data\persistence\client_events\040000_R\client_events_9: 000104.log size: 1008 ; 
2022/06/28-01:44:21.391686 6dc4                         Options.error_if_exists: 0
2022/06/28-01:44:21.393862 6dc4                       Options.create_if_missing: 1
2022/06/28-01:44:21.393872 6dc4                         Options.paranoid_checks: 1
2022/06/28-01:44:21.393880 6dc4             Options.flush_verify_memtable_count: 1
2022/06/28-01:44:21.393888 6dc4                               Options.track_and_verify_wals_in_manifest: 0
2022/06/28-01:44:21.393896 6dc4                                     Options.env: 000001985551AEC0
2022/06/28-01:44:21.393904 6dc4                                      Options.fs: WinFS
2022/06/28-01:44:21.393911 6dc4                                Options.info_log: 0000019857899870
2022/06/28-01:44:21.393919 6dc4                Options.max_file_opening_threads: 16
2022/06/28-01:44:21.393926 6dc4                              Options.statistics: 0000019855238810
2022/06/28-01:44:21.393933 6dc4                               Options.use_fsync: 0
2022/06/28-01:44:21.393941 6dc4                       Options.max_log_file_size: 512000
2022/06/28-01:44:21.393949 6dc4                  Options.max_manifest_file_size: 1073741824
2022/06/28-01:44:21.393956 6dc4                   Options.log_file_time_to_roll: 0
2022/06/28-01:44:21.393964 6dc4                       Options.keep_log_file_num: 2
2022/06/28-01:44:21.393971 6dc4                    Options.recycle_log_file_num: 0
2022/06/28-01:44:21.393978 6dc4                         Options.allow_fallocate: 1
2022/06/28-01:44:21.393985 6dc4                        Options.allow_mmap_reads: 0
2022/06/28-01:44:21.393992 6dc4                       Options.allow_mmap_writes: 0
2022/06/28-01:44:21.393999 6dc4                        Options.use_direct_reads: 0
2022/06/28-01:44:21.394007 6dc4                        Options.use_direct_io_for_flush_and_compaction: 0
2022/06/28-01:44:21.394014 6dc4          Options.create_missing_column_families: 0
2022/06/28-01:44:21.394021 6dc4                              Options.db_log_dir: 
2022/06/28-01:44:21.394028 6dc4                                 Options.wal_dir: 
2022/06/28-01:44:21.394035 6dc4                Options.table_cache_numshardbits: 6
2022/06/28-01:44:21.394042 6dc4                         Options.WAL_ttl_seconds: 0
2022/06/28-01:44:21.394049 6dc4                       Options.WAL_size_limit_MB: 0
2022/06/28-01:44:21.394056 6dc4                        Options.max_write_batch_group_size_bytes: 1048576
2022/06/28-01:44:21.394065 6dc4             Options.manifest_preallocation_size: 4194304
2022/06/28-01:44:21.394072 6dc4                     Options.is_fd_close_on_exec: 1
2022/06/28-01:44:21.394080 6dc4                   Options.advise_random_on_open: 1
2022/06/28-01:44:21.394088 6dc4                   Options.experimental_mempurge_threshold: 0.000000
2022/06/28-01:44:21.394096 6dc4                    Options.db_write_buffer_size: 0
2022/06/28-01:44:21.394105 6dc4                    Options.write_buffer_manager: 00000198553ABFC0
2022/06/28-01:44:21.394113 6dc4         Options.access_hint_on_compaction_start: 1
2022/06/28-01:44:21.394120 6dc4  Options.new_table_reader_for_compaction_inputs: 0
2022/06/28-01:44:21.394128 6dc4           Options.random_access_max_buffer_size: 1048576
2022/06/28-01:44:21.394135 6dc4                      Options.use_adaptive_mutex: 0
2022/06/28-01:44:21.402828 6dc4                            Options.rate_limiter: 0000000000000000
2022/06/28-01:44:21.402927 6dc4     Options.sst_file_manager.rate_bytes_per_sec: 0
2022/06/28-01:44:21.402934 6dc4                       Options.wal_recovery_mode: 2
2022/06/28-01:44:21.402940 6dc4                  Options.enable_thread_tracking: 0
2022/06/28-01:44:21.402946 6dc4                  Options.enable_pipelined_write: 0
2022/06/28-01:44:21.402952 6dc4                  Options.unordered_write: 0
2022/06/28-01:44:21.402957 6dc4         Options.allow_concurrent_memtable_write: 1
2022/06/28-01:44:21.402963 6dc4      Options.enable_write_thread_adaptive_yield: 1
2022/06/28-01:44:21.402969 6dc4             Options.write_thread_max_yield_usec: 100
2022/06/28-01:44:21.402975 6dc4            Options.write_thread_slow_yield_usec: 3
2022/06/28-01:44:21.402982 6dc4                               Options.row_cache: None
2022/06/28-01:44:21.402988 6dc4                              Options.wal_filter: None
2022/06/28-01:44:21.402994 6dc4             Options.avoid_flush_during_recovery: 0
2022/06/28-01:44:21.402999 6dc4             Options.allow_ingest_behind: 0
2022/06/28-01:44:21.403005 6dc4             Options.preserve_deletes: 0
2022/06/28-01:44:21.403010 6dc4             Options.two_write_queues: 0
2022/06/28-01:44:21.403015 6dc4             Options.manual_wal_flush: 0
2022/06/28-01:44:21.403022 6dc4             Options.atomic_flush: 0
2022/06/28-01:44:21.403028 6dc4             Options.avoid_unnecessary_blocking_io: 0
2022/06/28-01:44:21.403036 6dc4                 Options.persist_stats_to_disk: 0
2022/06/28-01:44:21.403043 6dc4                 Options.write_dbid_to_manifest: 0
2022/06/28-01:44:21.403050 6dc4                 Options.log_readahead_size: 0
2022/06/28-01:44:21.403057 6dc4                 Options.file_checksum_gen_factory: Unknown
2022/06/28-01:44:21.403064 6dc4                 Options.best_efforts_recovery: 0
2022/06/28-01:44:21.403070 6dc4                Options.max_bgerror_resume_count: 2147483647
2022/06/28-01:44:21.403078 6dc4            Options.bgerror_resume_retry_interval: 1000000
2022/06/28-01:44:21.403116 6dc4             Options.allow_data_in_errors: 0
2022/06/28-01:44:21.403122 6dc4             Options.db_host_id: __hostname__
2022/06/28-01:44:21.403127 6dc4             Options.max_background_jobs: 2
2022/06/28-01:44:21.403133 6dc4             Options.max_background_compactions: -1
2022/06/28-01:44:21.403139 6dc4             Options.max_subcompactions: 1
2022/06/28-01:44:21.403144 6dc4             Options.avoid_flush_during_shutdown: 0
2022/06/28-01:44:21.403150 6dc4           Options.writable_file_max_buffer_size: 1048576
2022/06/28-01:44:21.403155 6dc4             Options.delayed_write_rate : 16777216
2022/06/28-01:44:21.403161 6dc4             Options.max_total_wal_size: 0
2022/06/28-01:44:21.403167 6dc4             Options.delete_obsolete_files_period_micros: 21600000000
2022/06/28-01:44:21.403172 6dc4                   Options.stats_dump_period_sec: 0
2022/06/28-01:44:21.403178 6dc4                 Options.stats_persist_period_sec: 0
2022/06/28-01:44:21.403184 6dc4                 Options.stats_history_buffer_size: 65536
2022/06/28-01:44:21.403191 6dc4                          Options.max_open_files: -1
2022/06/28-01:44:21.403198 6dc4                          Options.bytes_per_sync: 0
2022/06/28-01:44:21.403205 6dc4                      Options.wal_bytes_per_sync: 0
2022/06/28-01:44:21.403212 6dc4                   Options.strict_bytes_per_sync: 0
2022/06/28-01:44:21.403218 6dc4       Options.compaction_readahead_size: 0
2022/06/28-01:44:21.403224 6dc4                  Options.max_background_flushes: -1
2022/06/28-01:44:21.403229 6dc4 Compression algorithms supported:
2022/06/28-01:44:21.403235 6dc4 	kZSTD supported: 1
2022/06/28-01:44:21.403240 6dc4 	kSnappyCompression supported: 1
2022/06/28-01:44:21.403245 6dc4 	kBZip2Compression supported: 0
2022/06/28-01:44:21.403250 6dc4 	kZlibCompression supported: 1
2022/06/28-01:44:21.403255 6dc4 	kLZ4Compression supported: 1
2022/06/28-01:44:21.403293 6dc4 	kXpressCompression supported: 0
2022/06/28-01:44:21.403300 6dc4 	kLZ4HCCompression supported: 1
2022/06/28-01:44:21.403305 6dc4 	kZSTDNotFinalCompression supported: 1
2022/06/28-01:44:21.403311 6dc4 Fast CRC32 supported: Supported on x86
2022/06/28-01:44:21.409991 6dc4 [db\version_set.cc:4848] Recovering from manifest file: D:\Hive\hivemq-4.8.0\data\persistence\client_events\040000_R\client_events_9/MANIFEST-000103
2022/06/28-01:44:21.415898 6dc4 [db\column_family.cc:611] --------------- Options for column family [default]:
2022/06/28-01:44:21.415912 6dc4               Options.comparator: leveldb.BytewiseComparator
2022/06/28-01:44:21.415919 6dc4           Options.merge_operator: StringAppendOperator
2022/06/28-01:44:21.415926 6dc4        Options.compaction_filter: None
2022/06/28-01:44:21.415932 6dc4        Options.compaction_filter_factory: None
2022/06/28-01:44:21.415938 6dc4  Options.sst_partitioner_factory: None
2022/06/28-01:44:21.415947 6dc4         Options.memtable_factory: SkipListFactory
2022/06/28-01:44:21.415954 6dc4            Options.table_factory: BlockBasedTable
2022/06/28-01:44:21.416003 6dc4            table_factory options:   flush_block_policy_factory: FlushBlockBySizePolicyFactory (0000019855231E30)
  cache_index_and_filter_blocks: 0
  cache_index_and_filter_blocks_with_high_priority: 1
  pin_l0_filter_and_index_blocks_in_cache: 0
  pin_top_level_index_and_filter: 1
  index_type: 0
  data_block_index_type: 0
  index_shortening: 1
  data_block_hash_table_util_ratio: 0.750000
  hash_index_allow_collision: 1
  checksum: 1
  no_block_cache: 0
  block_cache: 0000019855CBD490
  block_cache_name: LRUCache
  block_cache_options:
    capacity : 133005760
    num_shard_bits : 6
    strict_capacity_limit : 0
    memory_allocator : None
    high_pri_pool_ratio: 0.000
  block_cache_compressed: 0000000000000000
  persistent_cache: 0000000000000000
  block_size: 32768
  block_size_deviation: 10
  block_restart_interval: 16
  index_block_restart_interval: 1
  metadata_block_size: 4096
  partition_filters: 0
  use_delta_encoding: 1
  filter_policy: nullptr
  whole_key_filtering: 1
  verify_compression: 0
  read_amp_bytes_per_bit: 0
  format_version: 5
  enable_index_compression: 1
  block_align: 0
  max_auto_readahead_size: 262144
  prepopulate_block_cache: 0
2022/06/28-01:44:21.416011 6dc4        Options.write_buffer_size: 2078215
2022/06/28-01:44:21.416018 6dc4  Options.max_write_buffer_number: 2
2022/06/28-01:44:21.416025 6dc4          Options.compression: Snappy
2022/06/28-01:44:21.416032 6dc4                  Options.bottommost_compression: Disabled
2022/06/28-01:44:21.416039 6dc4       Options.prefix_extractor: nullptr
2022/06/28-01:44:21.416047 6dc4   Options.memtable_insert_with_hint_prefix_extractor: nullptr
2022/06/28-01:44:21.416062 6dc4             Options.num_levels: 7
2022/06/28-01:44:21.416068 6dc4        Options.min_write_buffer_number_to_merge: 1
2022/06/28-01:44:21.416075 6dc4     Options.max_write_buffer_number_to_maintain: 0
2022/06/28-01:44:21.416082 6dc4     Options.max_write_buffer_size_to_maintain: 0
2022/06/28-01:44:21.416089 6dc4            Options.bottommost_compression_opts.window_bits: -14
2022/06/28-01:44:21.416097 6dc4                  Options.bottommost_compression_opts.level: 32767
2022/06/28-01:44:21.416104 6dc4               Options.bottommost_compression_opts.strategy: 0
2022/06/28-01:44:21.416111 6dc4         Options.bottommost_compression_opts.max_dict_bytes: 0
2022/06/28-01:44:21.416119 6dc4         Options.bottommost_compression_opts.zstd_max_train_bytes: 0
2022/06/28-01:44:21.416126 6dc4         Options.bottommost_compression_opts.parallel_threads: 1
2022/06/28-01:44:21.416134 6dc4                  Options.bottommost_compression_opts.enabled: false
2022/06/28-01:44:21.416142 6dc4         Options.bottommost_compression_opts.max_dict_buffer_bytes: 0
2022/06/28-01:44:21.416149 6dc4            Options.compression_opts.window_bits: -14
2022/06/28-01:44:21.416156 6dc4                  Options.compression_opts.level: 32767
2022/06/28-01:44:21.416166 6dc4               Options.compression_opts.strategy: 0
2022/06/28-01:44:21.416174 6dc4         Options.compression_opts.max_dict_bytes: 0
2022/06/28-01:44:21.416182 6dc4         Options.compression_opts.zstd_max_train_bytes: 0
2022/06/28-01:44:21.416188 6dc4         Options.compression_opts.parallel_threads: 1
2022/06/28-01:44:21.416195 6dc4                  Options.compression_opts.enabled: false
2022/06/28-01:44:21.416203 6dc4         Options.compression_opts.max_dict_buffer_bytes: 0
2022/06/28-01:44:21.416210 6dc4      Options.level0_file_num_compaction_trigger: 4
2022/06/28-01:44:21.416216 6dc4          Options.level0_slowdown_writes_trigger: 20
2022/06/28-01:44:21.416222 6dc4              Options.level0_stop_writes_trigger: 36
2022/06/28-01:44:21.416229 6dc4                   Options.target_file_size_base: 67108864
2022/06/28-01:44:21.416236 6dc4             Options.target_file_size_multiplier: 1
2022/06/28-01:44:21.416243 6dc4                Options.max_bytes_for_level_base: 268435456
2022/06/28-01:44:21.416250 6dc4 Options.level_compaction_dynamic_level_bytes: 0
2022/06/28-01:44:21.416258 6dc4          Options.max_bytes_for_level_multiplier: 10.000000
2022/06/28-01:44:21.416265 6dc4 Options.max_bytes_for_level_multiplier_addtl[0]: 1
2022/06/28-01:44:21.416272 6dc4 Options.max_bytes_for_level_multiplier_addtl[1]: 1
2022/06/28-01:44:21.416279 6dc4 Options.max_bytes_for_level_multiplier_addtl[2]: 1
2022/06/28-01:44:21.416286 6dc4 Options.max_bytes_for_level_multiplier_addtl[3]: 1
2022/06/28-01:44:21.416293 6dc4 Options.max_bytes_for_level_multiplier_addtl[4]: 1
2022/06/28-01:44:21.416299 6dc4 Options.max_bytes_for_level_multiplier_addtl[5]: 1
2022/06/28-01:44:21.416306 6dc4 Options.max_bytes_for_level_multiplier_addtl[6]: 1
2022/06/28-01:44:21.416313 6dc4       Options.max_sequential_skip_in_iterations: 8
2022/06/28-01:44:21.416319 6dc4                    Options.max_compaction_bytes: 1677721600
2022/06/28-01:44:21.416327 6dc4                        Options.arena_block_size: 262144
2022/06/28-01:44:21.416334 6dc4   Options.soft_pending_compaction_bytes_limit: 68719476736
2022/06/28-01:44:21.416340 6dc4   Options.hard_pending_compaction_bytes_limit: 274877906944
2022/06/28-01:44:21.416347 6dc4       Options.rate_limit_delay_max_milliseconds: 100
2022/06/28-01:44:21.416354 6dc4                Options.disable_auto_compactions: 0
2022/06/28-01:44:21.416361 6dc4                        Options.compaction_style: kCompactionStyleLevel
2022/06/28-01:44:21.416368 6dc4                          Options.compaction_pri: kMinOverlappingRatio
2022/06/28-01:44:21.416375 6dc4 Options.compaction_options_universal.size_ratio: 1
2022/06/28-01:44:21.416382 6dc4 Options.compaction_options_universal.min_merge_width: 2
2022/06/28-01:44:21.416389 6dc4 Options.compaction_options_universal.max_merge_width: 4294967295
2022/06/28-01:44:21.416397 6dc4 Options.compaction_options_universal.max_size_amplification_percent: 200
2022/06/28-01:44:21.416404 6dc4 Options.compaction_options_universal.compression_size_percent: -1
2022/06/28-01:44:21.416412 6dc4 Options.compaction_options_universal.stop_style: kCompactionStopStyleTotalSize
2022/06/28-01:44:21.416419 6dc4 Options.compaction_options_fifo.max_table_files_size: 1073741824
2022/06/28-01:44:21.416427 6dc4 Options.compaction_options_fifo.allow_compaction: 0
2022/06/28-01:44:21.416435 6dc4                   Options.table_properties_collectors: 
2022/06/28-01:44:21.416442 6dc4                   Options.inplace_update_support: 0
2022/06/28-01:44:21.416449 6dc4                 Options.inplace_update_num_locks: 10000
2022/06/28-01:44:21.416457 6dc4               Options.memtable_prefix_bloom_size_ratio: 0.000000
2022/06/28-01:44:21.416464 6dc4               Options.memtable_whole_key_filtering: 0
2022/06/28-01:44:21.416471 6dc4   Options.memtable_huge_page_size: 0
2022/06/28-01:44:21.416477 6dc4                           Options.bloom_locality: 0
2022/06/28-01:44:21.416484 6dc4                    Options.max_successive_merges: 0
2022/06/28-01:44:21.416491 6dc4                Options.optimize_filters_for_hits: 0
2022/06/28-01:44:21.416531 6dc4                Options.paranoid_file_checks: 0
2022/06/28-01:44:21.416540 6dc4                Options.force_consistency_checks: 1
2022/06/28-01:44:21.416548 6dc4                Options.report_bg_io_stats: 0
2022/06/28-01:44:21.416555 6dc4                               Options.ttl: 2592000
2022/06/28-01:44:21.416563 6dc4          Options.periodic_compaction_seconds: 0
2022/06/28-01:44:21.416570 6dc4                       Options.enable_blob_files: false
2022/06/28-01:44:21.416577 6dc4                           Options.min_blob_size: 0
2022/06/28-01:44:21.416583 6dc4                          Options.blob_file_size: 268435456
2022/06/28-01:44:21.416591 6dc4                   Options.blob_compression_type: NoCompression
2022/06/28-01:44:21.416598 6dc4          Options.enable_blob_garbage_collection: false
2022/06/28-01:44:21.416606 6dc4      Options.blob_garbage_collection_age_cutoff: 0.250000
2022/06/28-01:44:21.416615 6dc4 Options.blob_garbage_collection_force_threshold: 1.000000
2022/06/28-01:44:21.525906 6dc4 [db\version_set.cc:4896] Recovered from manifest file:D:\Hive\hivemq-4.8.0\data\persistence\client_events\040000_R\client_events_9/MANIFEST-000103 succeeded,manifest_file_number is 103, next_file_number is 105, last_sequence is 456, log_number is 99,prev_log_number is 0,max_column_family is 0,min_log_number_to_keep is 0
2022/06/28-01:44:21.525921 6dc4 [db\version_set.cc:4905] Column family [default] (ID 0), log number is 99
2022/06/28-01:44:21.529432 6dc4 [db\version_set.cc:4386] Creating manifest 107
2022/06/28-01:44:22.569602 6dc4 EVENT_LOG_v1 {"time_micros": 1656369862569596, "job": 1, "event": "recovery_started", "wal_files": [104]}
2022/06/28-01:44:22.569612 6dc4 [db\db_impl\db_impl_open.cc:878] Recovering log #104 mode 2
2022/06/28-01:44:23.021376 6dc4 EVENT_LOG_v1 {"time_micros": 1656369863021340, "cf_name": "default", "job": 1, "event": "table_file_creation", "file_number": 108, "file_size": 1836, "file_checksum": "", "file_checksum_func_name": "Unknown", "table_properties": {"data_size": 0, "index_size": 13, "index_partitions": 0, "top_level_index_size": 0, "index_key_is_user_key": 1, "index_value_is_delta_encoded": 1, "filter_size": 0, "raw_key_size": 441, "raw_average_key_size": 21, "raw_value_size": 273, "raw_average_value_size": 13, "num_data_blocks": 0, "num_entries": 21, "num_filter_entries": 0, "num_deletions": 21, "num_merge_operands": 0, "num_range_deletions": 21, "format_version": 0, "fixed_key_len": 0, "filter_policy": "", "column_family_name": "default", "column_family_id": 0, "comparator": "leveldb.BytewiseComparator", "merge_operator": "StringAppendOperator", "prefix_extractor_name": "nullptr", "property_collectors": "[]", "compression": "Snappy", "compression_options": "window_bits=-14; level=32767; strategy=0; max_dict_bytes=0; zstd_max_train_bytes=0; enabled=0; max_dict_buffer_bytes=0; ", "creation_time": 1656369862, "oldest_key_time": 0, "file_creation_time": 0, "slow_compression_estimated_data_size": 0, "fast_compression_estimated_data_size": 0, "db_id": "80303365-db3e-11ec-bbfc-0492261d99fd", "db_session_id": "WTU5DQ24EVCTR89QL84T", "orig_file_number": 108}}
2022/06/28-01:44:23.021426 6dc4 [db\version_set.cc:4386] Creating manifest 109
2022/06/28-01:44:23.520156 6dc4 EVENT_LOG_v1 {"time_micros": 1656369863520145, "job": 1, "event": "recovery_finished"}
2022/06/28-01:44:23.523567 6dc4 [file\delete_scheduler.cc:77] Deleted file D:\Hive\hivemq-4.8.0\data\persistence\client_events\040000_R\client_events_9/000104.log immediately, rate_bytes_per_sec 0, total_trash_size 0 max_trash_db_ratio 0.250000
2022/06/28-01:44:23.974069 6dc4 [db\db_impl\db_impl_open.cc:1787] SstFileManager instance 0000019857F65B70
2022/06/28-01:44:23.978121 6dc4 DB pointer 0000019858734FD0
2022/06/28-01:44:28.820123 6910 [db\compaction\compaction_job.cc:2221] [default] [JOB 3] Compacting 4@0 files to L1, score 1.00
2022/06/28-01:44:28.820138 6910 [db\compaction\compaction_job.cc:2225] [default] Compaction start summary: Base version 3 Base level 0, inputs: [108(1836B) 102(1302B) 96(4460B) 90(6431B)]
2022/06/28-01:44:28.820165 6910 EVENT_LOG_v1 {"time_micros": 1656369868820149, "job": 3, "event": "compaction_started", "compaction_reason": "LevelL0FilesNum", "files_L0": [108, 102, 96, 90], "score": 1, "input_data_size": 14029}
2022/06/28-01:44:29.013685 6910 EVENT_LOG_v1 {"time_micros": 1656369869013241, "cf_name": "default", "job": 3, "event": "table_file_creation", "file_number": 0, "file_size": 0, "file_checksum": "", "file_checksum_func_name": "Unknown", "table_properties": {"data_size": 0, "index_size": 13, "index_partitions": 0, "top_level_index_size": 0, "index_key_is_user_key": 1, "index_value_is_delta_encoded": 1, "filter_size": 0, "raw_key_size": 0, "raw_average_key_size": 0, "raw_value_size": 0, "raw_average_value_size": 0, "num_data_blocks": 0, "num_entries": 0, "num_filter_entries": 0, "num_deletions": 0, "num_merge_operands": 0, "num_range_deletions": 0, "format_version": 0, "fixed_key_len": 0, "filter_policy": "", "column_family_name": "default", "column_family_id": 0, "comparator": "leveldb.BytewiseComparator", "merge_operator": "StringAppendOperator", "prefix_extractor_name": "nullptr", "property_collectors": "[]", "compression": "Snappy", "compression_options": "window_bits=-14; level=32767; strategy=0; max_dict_bytes=0; zstd_max_train_bytes=0; enabled=0; max_dict_buffer_bytes=0; ", "creation_time": 1656182761, "oldest_key_time": 0, "file_creation_time": 1656369868, "slow_compression_estimated_data_size": 0, "fast_compression_estimated_data_size": 0, "db_id": "80303365-db3e-11ec-bbfc-0492261d99fd", "db_session_id": "WTU5DQ24EVCTR89QL84T", "orig_file_number": 113}}
2022/06/28-01:44:29.013737 6910 [db\compaction\compaction_job.cc:1898] [default] [JOB 3] Compacted 4@0 files to L1 => 959 bytes
2022/06/28-01:44:29.064029 6910 (Original Log Time 2022/06/28-01:44:29.063966) [db\compaction\compaction_job.cc:875] [default] compacted to: files[0 0 0 0 0 0 0] max score 0.00, MB/sec: 0.1 rd, 0.0 wr, level 1, files in(4, 0) out(0 +0 blob) MB in(0.0, 0.0 +0.0 blob) out(0.0 +0.0 blob), read-write-amplify(1.1) write-amplify(0.1) OK, records in: 247, records dropped: 247 output_compression: Snappy
2022/06/28-01:44:29.064051 6910 (Original Log Time 2022/06/28-01:44:29.064000) EVENT_LOG_v1 {"time_micros": 1656369869063979, "job": 3, "event": "compaction_finished", "compaction_time_micros": 193555, "compaction_time_cpu_micros": 0, "output_level": 1, "num_output_files": 0, "total_output_size": 959, "num_input_records": 247, "num_output_records": 0, "num_subcompactions": 1, "output_compression": "Snappy", "num_single_delete_mismatches": 0, "num_single_delete_fallthrough": 0, "lsm_state": [0, 0, 0, 0, 0, 0, 0]}
2022/06/28-01:44:29.064296 6910 [file\delete_scheduler.cc:77] Deleted file D:\Hive\hivemq-4.8.0\data\persistence\client_events\040000_R\client_events_9/000108.sst immediately, rate_bytes_per_sec 0, total_trash_size 0 max_trash_db_ratio 0.250000
2022/06/28-01:44:29.064313 6910 EVENT_LOG_v1 {"time_micros": 1656369869064308, "job": 3, "event": "table_file_deletion", "file_number": 108}
2022/06/28-01:44:29.064446 6910 [file\delete_scheduler.cc:77] Deleted file D:\Hive\hivemq-4.8.0\data\persistence\client_events\040000_R\client_events_9/000102.sst immediately, rate_bytes_per_sec 0, total_trash_size 0 max_trash_db_ratio 0.250000
2022/06/28-01:44:29.064460 6910 EVENT_LOG_v1 {"time_micros": 1656369869064456, "job": 3, "event": "table_file_deletion", "file_number": 102}
2022/06/28-01:44:29.064591 6910 [file\delete_scheduler.cc:77] Deleted file D:\Hive\hivemq-4.8.0\data\persistence\client_events\040000_R\client_events_9/000096.sst immediately, rate_bytes_per_sec 0, total_trash_size 0 max_trash_db_ratio 0.250000
2022/06/28-01:44:29.064605 6910 EVENT_LOG_v1 {"time_micros": 1656369869064601, "job": 3, "event": "table_file_deletion", "file_number": 96}
2022/06/28-01:44:29.064725 6910 [file\delete_scheduler.cc:77] Deleted file D:\Hive\hivemq-4.8.0\data\persistence\client_events\040000_R\client_events_9/000090.sst immediately, rate_bytes_per_sec 0, total_trash_size 0 max_trash_db_ratio 0.250000
2022/06/28-01:44:29.064741 6910 EVENT_LOG_v1 {"time_micros": 1656369869064737, "job": 3, "event": "table_file_deletion", "file_number": 90}
